((42.0, 15.0),112.20038893810766)
((31.0, 38.0),211.3485057383899)
((36.0, 23.0),211.70908513488678)
((30.0, 47.0),122.23096434048557)
((54.0, 42.0),25.80958583443941)
((38.0, 25.0),207.21130854292198)
((33.0, 57.0),20.342186325022418)
((43.0, 37.0),146.27667845421198)
((6.0, 43.0),25.539978343422618)
((32.0, 17.0),175.67630822661727)
((7.0, 21.0),58.19305355739665)
((16.0, 55.0),7.920258074821369)
((51.0, 23.0),78.46276353734564)
((3.0, 35.0),26.446285238285512)
((49.0, 10.0),27.861571857380376)
((50.0, 31.0),96.61245686417317)
((54.0, 15.0),18.76084357182563)
((47.0, 35.0),117.98409803210014)
((36.0, 54.0),44.46097377447842)
((30.0, 25.0),257.6692176618312)
((28.0, 25.0),254.31155943652078)
((19.0, 9.0),71.00785155998608)
((29.0, 42.0),172.0366690520443)
((21.0, 5.0),42.469657293177185)
((28.0, 50.0),91.52371926136581)
((15.0, 7.0),33.31950408712608)
((19.0, 36.0),173.0262855586878)
((12.0, 43.0),75.40772924153096)
((41.0, 45.0),106.17953053336166)
((40.0, 8.0),64.24747489262892)
((41.0, 27.0),185.21137842523592)
((10.0, 42.0),64.87826661274596)
((23.0, 49.0),91.0832492143413)
((16.0, 46.0),83.16918514089814)
((29.0, 45.0),142.07721763204972)
((4.0, 26.0),40.59897406633869)
((24.0, 17.0),164.9498826094265)
((21.0, 41.0),153.36517842899323)
((18.0, 52.0),43.7773506268838)
((11.0, 46.0),48.495629378205436)
((16.0, 22.0),144.77218907634327)
((2.0, 28.0),22.341171929368535)
((49.0, 51.0),9.286734461082133)
((19.0, 27.0),190.33072085398277)
((17.0, 54.0),21.418217810247455)
((37.0, 45.0),126.34099125069731)
((53.0, 22.0),56.42616800943241)
((19.0, 31.0),191.15451799396703)
((43.0, 35.0),155.35953019742215)
((16.0, 42.0),112.39505841331493)
((21.0, 54.0),37.28964155843336)
((32.0, 40.0),189.90316860465504)
((40.0, 9.0),73.20879616774974)
((12.0, 37.0),106.3206107058173)
((20.0, 16.0),135.7604977432337)
((48.0, 6.0),4.556087994526905)
((0.0, 28.0),2.359338676118341)
((48.0, 31.0),116.527846334685)
((11.0, 50.0),20.224310193713215)
((5.0, 31.0),51.97558945246197)
((44.0, 28.0),156.86329267943768)
((44.0, 53.0),22.75815068416609)
((7.0, 12.0),14.73586629707686)
((47.0, 34.0),120.9056351305031)
((8.0, 38.0),65.56924302884333)
((14.0, 30.0),142.42085137509827)
((38.0, 48.0),94.87888161028188)
((29.0, 48.0),112.10482626109328)
((16.0, 39.0),131.3861720255288)
((7.0, 44.0),28.82564410507399)
((28.0, 30.0),280.9626995868421)
((0.0, 29.0),2.6030257139503377)
((25.0, 15.0),150.0641107307266)
((15.0, 53.0),20.270933232529025)
((48.0, 36.0),105.22572968565069)
((26.0, 34.0),239.35393302529363)
((46.0, 50.0),36.177117329137936)
((53.0, 23.0),59.202972045440525)
((58.0, 20.0),2.7133178583220285)
((17.0, 12.0),85.7619696728112)
((43.0, 26.0),163.5232908731545)
((34.0, 55.0),38.75159439103058)
((17.0, 26.0),168.59264778944612)
((30.0, 41.0),182.2211912429243)
((19.0, 51.0),57.20939108623117)
((16.0, 8.0),47.16464901514378)
((7.0, 39.0),52.49132118422647)
((16.0, 27.0),160.8214869671012)
((20.0, 54.0),33.79612762700649)
((52.0, 49.0),2.240195835132326)
((29.0, 0.0),7.656472044016738)
((9.0, 10.0),17.210160318375713)
((35.0, 20.0),193.8017713986702)
((36.0, 50.0),83.02026417296659)
((23.0, 21.0),193.66895276633988)
((36.0, 35.0),214.82224385513277)
((22.0, 32.0),217.78669029491897)
((44.0, 24.0),148.1180431458242)
((52.0, 24.0),71.33873317326103)
((45.0, 8.0),38.58001812199063)
((29.0, 15.0),157.55810322996433)
((49.0, 32.0),105.39974568904583)
((12.0, 44.0),69.1392516567073)
((46.0, 54.0),3.65138504544678)
((39.0, 10.0),86.60595975814715)
((17.0, 42.0),119.5897872240517)
((24.0, 31.0),239.929268493527)
((10.0, 15.0),56.69502800152966)
((41.0, 4.0),23.75464583833729)
((35.0, 6.0),61.86536333085602)
((26.0, 46.0),128.1340349759256)
((51.0, 15.0),44.189971248051236)
((20.0, 48.0),88.49463501060046)
((52.0, 38.0),60.717878805531704)
((15.0, 41.0),111.35115611156152)
((12.0, 51.0),19.141202000217454)
((31.0, 48.0),111.82705336150792)
((50.0, 20.0),77.37582060824643)
((15.0, 27.0),150.94152917754272)
((23.0, 2.0),19.533695743332622)
((29.0, 49.0),102.11216976389483)
((20.0, 57.0),5.671114584524766)
((27.0, 52.0),70.60923526250303)
((17.0, 9.0),60.97501696489026)
((32.0, 2.0),26.812473347576997)
((16.0, 21.0),139.87293719370584)
((29.0, 37.0),221.89987924850698)
((20.0, 20.0),165.8560390242299)
((49.0, 34.0),101.5579352550288)
((46.0, 25.0),131.98932357950514)
((8.0, 10.0),9.796859663718784)
((56.0, 41.0),12.198249290695138)
((18.0, 23.0),167.1273848471062)
((55.0, 19.0),27.479024588438072)
((8.0, 27.0),81.47583117400177)
((20.0, 39.0),162.0161384484321)
((10.0, 35.0),94.33704703381937)
((32.0, 8.0),86.5488183083864)
((37.0, 46.0),117.20927714741637)
((11.0, 7.0),9.294713092694735)
((42.0, 12.0),88.5674982613622)
((53.0, 11.0),4.494933753085881)
((15.0, 28.0),152.10333078426342)
((17.0, 47.0),81.3156839648504)
((23.0, 17.0),160.4066497246797)
((51.0, 33.0),84.0631630515383)
((25.0, 28.0),251.05378026544597)
((21.0, 11.0),97.88157020753523)
((37.0, 32.0),222.26654655519965)
((43.0, 20.0),138.45771486382986)
((48.0, 14.0),62.245754043098245)
((7.0, 31.0),71.91981725784999)
((21.0, 30.0),212.2685720839741)
((3.0, 29.0),32.60207066460751)
((22.0, 14.0),129.2104173216941)
((43.0, 14.0),98.09426050768693)
((52.0, 12.0),18.528846144665607)
((8.0, 43.0),42.642728837967816)
((40.0, 35.0),182.2537762543861)
((36.0, 18.0),171.46867914076185)
((44.0, 19.0),124.52024728774127)
((31.0, 19.0),196.9750338393506)
((24.0, 30.0),242.09062474397498)
((43.0, 15.0),105.52397401963027)
((13.0, 23.0),121.41114808876814)
((26.0, 29.0),262.5438892355023)
((43.0, 29.0),167.369372852148)
((26.0, 40.0),185.94769758317696)
((22.0, 16.0),146.77116578858542)
((35.0, 33.0),235.24642640443892)
((39.0, 6.0),49.965945827327545)
((50.0, 40.0),70.51913789284157)
((49.0, 13.0),48.15815439948288)
((4.0, 38.0),28.064609236694196)
((14.0, 54.0),6.4848946482303305)
((16.0, 24.0),153.01133592514753)
((18.0, 41.0),133.7319074542481)
((34.0, 40.0),184.13035852504822)
((48.0, 21.0),99.72004404136577)
((45.0, 20.0),121.67341359389357)
((9.0, 40.0),66.29076898301975)
((47.0, 26.0),124.40155126376744)
((38.0, 55.0),29.334796293084047)
((35.0, 8.0),81.32650077363166)
((51.0, 47.0),22.87425935539364)
((39.0, 50.0),72.54253571727418)
((41.0, 54.0),27.85785376960643)
((30.0, 36.0),232.19983343429334)
((44.0, 31.0),156.28810729062377)
((34.0, 0.0),4.659701076287455)
((32.0, 36.0),228.57644563187563)
((23.0, 7.0),67.75802913923641)
((11.0, 6.0),1.5798820543778902)
((34.0, 54.0),48.612386160238685)
((31.0, 49.0),101.84840427644183)
((33.0, 51.0),79.82163934121367)
((14.0, 19.0),112.31350440595698)
((23.0, 48.0),100.52265362288028)
((46.0, 32.0),135.03768103130412)
((28.0, 45.0),141.2946931425557)
((7.0, 20.0),54.61132400472021)
((27.0, 0.0),6.4692915459918865)
((49.0, 47.0),37.90418813803459)
((42.0, 53.0),32.49564212928288)
((21.0, 50.0),74.61866921198234)
((38.0, 3.0),25.045810440421654)
((19.0, 25.0),184.59914772391085)
((51.0, 26.0),84.95642705942362)
((21.0, 56.0),18.34999287261553)
((8.0, 9.0),3.077677464526616)
((49.0, 9.0),20.707452604341583)
((49.0, 12.0),41.60240296338852)
((0.0, 30.0),2.5105760608002115)
((10.0, 12.0),38.022294315646974)
((48.0, 8.0),20.005180006027565)
((48.0, 22.0),103.61502654232396)
((26.0, 58.0),9.831300054929848)
((26.0, 36.0),222.61822228806147)
((15.0, 21.0),131.21479485200294)
((25.0, 49.0),96.65135778403663)
((50.0, 33.0),93.90175453151691)
((28.0, 33.0),258.43787865664495)
((26.0, 20.0),200.46112888431236)
((16.0, 33.0),157.5196829834848)
((36.0, 33.0),226.888741909914)
((50.0, 17.0),63.36413178405788)
((9.0, 42.0),56.42249951009937)
((16.0, 5.0),21.50274043700808)
((47.0, 38.0),106.36431193417089)
((38.0, 13.0),117.92919847443682)
((20.0, 34.0),191.53543969210946)
((33.0, 49.0),99.5791517330812)
((18.0, 5.0),30.80641702236786)
((9.0, 16.0),54.032368645310065)
((13.0, 25.0),127.36173046125839)
((46.0, 14.0),77.23864801475081)
((6.0, 30.0),62.48507004317922)
((29.0, 52.0),72.13033444731497)
((42.0, 16.0),119.65674130653599)
((52.0, 11.0),12.30048068953316)
((36.0, 31.0),234.92110958877782)
((40.0, 11.0),90.84875276957928)
((22.0, 21.0),187.0661218248154)
((10.0, 37.0),87.85089134024457)
((32.0, 11.0),116.35251679076791)
((35.0, 41.0),171.03100518794088)
((27.0, 56.0),30.852993493198433)
((40.0, 39.0),158.28140075815466)
((4.0, 41.0),16.956102568646116)
((44.0, 55.0),5.427365333398875)
((14.0, 39.0),114.72679240654972)
((37.0, 38.0),186.10323959158083)
((12.0, 25.0),117.6493999373411)
((49.0, 46.0),44.58031094999132)
((23.0, 50.0),81.5939428495247)
((17.0, 34.0),163.95637264309016)
((41.0, 36.0),168.5792976215268)
((7.0, 47.0),11.381701171656573)
((21.0, 44.0),128.34114639582396)
((43.0, 41.0),122.65613133861007)
((5.0, 15.0),14.629792079517685)
((23.0, 16.0),151.57053392298212)
((18.0, 19.0),144.32359301149572)
((34.0, 51.0),78.11998452201692)
((44.0, 35.0),146.13936087865142)
((22.0, 15.0),138.06149749794048)
((47.0, 50.0),29.89864090145179)
((36.0, 26.0),229.5707676368852)
((29.0, 51.0),82.12483519704939)
((48.0, 53.0),0.21346581852405677)
((54.0, 13.0),8.134501823062621)
((47.0, 44.0),72.78916852446275)
((16.0, 14.0),94.92514304597617)
((22.0, 5.0),45.68895387574482)
((35.0, 31.0),244.4749496980287)
((45.0, 46.0),73.21751723308648)
((12.0, 23.0),112.00599142299114)
((55.0, 33.0),44.58339792451973)
((43.0, 54.0),18.99144267990028)
((33.0, 8.0),85.25913818822079)
((11.0, 47.0),41.718282716246726)
((1.0, 21.0),1.0732284468661035)
((27.0, 34.0),244.95296369812453)
((20.0, 18.0),151.3910898232894)
((42.0, 2.0),1.4137773110377339)
((52.0, 20.0),59.031149768086166)
((53.0, 33.0),64.34521205045425)
((33.0, 26.0),254.1351499195806)
((6.0, 39.0),43.27385150123426)
((15.0, 55.0),3.085290231420963)
((2.0, 27.0),21.720594070677173)
((31.0, 53.0),61.915890802197744)
((55.0, 15.0),10.090197001635453)
((17.0, 53.0),30.27270748617397)
((24.0, 28.0),241.31864299299286)
((51.0, 14.0),38.497086500182185)
((44.0, 43.0),101.72475545276193)
((6.0, 33.0),59.628759881860205)
((24.0, 38.0),195.15024047724137)
((56.0, 19.0),18.184612191973137)
((53.0, 35.0),60.32694526521201)
((45.0, 33.0),142.7888904861047)
((50.0, 12.0),34.06476555293679)
((15.0, 38.0),128.46750985044994)
((33.0, 42.0),168.1533575255944)
((42.0, 29.0),177.36781624910563)
((51.0, 22.0),75.44766735050291)
((56.0, 42.0),7.9643091118475695)
((6.0, 24.0),56.92931129954072)
((25.0, 12.0),121.35011959861586)
((21.0, 21.0),179.99237493572335)
((20.0, 24.0),189.48036178584584)
((21.0, 23.0),192.70683080490494)
((10.0, 25.0),98.1404453314807)
((36.0, 36.0),207.74899901326756)
((59.0, 29.0),7.379810136854488)
((45.0, 44.0),87.5846041183311)
((40.0, 28.0),196.65981460199222)
((23.0, 35.0),211.25175955365683)
((51.0, 12.0),26.369263995190195)
((40.0, 17.0),140.39352624307975)
((3.0, 32.0),31.175440600389912)
((30.0, 32.0),272.12753291115104)
((55.0, 24.0),42.04134586107138)
((15.0, 14.0),88.09562017600037)
((31.0, 42.0),171.6291481700971)
((14.0, 14.0),81.02229469081908)
((27.0, 42.0),169.34720617201793)
((30.0, 9.0),97.73299212553958)
((54.0, 26.0),55.254355378063416)
((32.0, 25.0),252.0796842080494)
((51.0, 24.0),81.06223674137507)
((9.0, 25.0),88.35159097018114)
((55.0, 21.0),34.33540672188091)
((50.0, 42.0),60.4765978953122)
((19.0, 48.0),83.70786271068546)
((35.0, 50.0),85.69186904494319)
((16.0, 13.0),87.39543769351118)
((23.0, 9.0),86.81855823817341)
((40.0, 3.0),18.389865436977963)
((47.0, 10.0),41.63037612811969)
((25.0, 19.0),187.30235558945165)
((52.0, 22.0),65.95730973933449)
((13.0, 53.0),9.235680898839682)
((52.0, 32.0),75.66553702953638)
((41.0, 42.0),129.7020749958205)
((39.0, 52.0),54.14050325381616)
((31.0, 3.0),37.44678445403004)
((13.0, 19.0),103.85212246304242)
((14.0, 27.0),141.04655726342406)
((24.0, 13.0),127.89960475789407)
((29.0, 5.0),57.63720676710914)
((5.0, 41.0),26.018105271077836)
((6.0, 45.0),14.976671884408361)
((47.0, 45.0),66.16296490721442)
((42.0, 46.0),92.21741605330067)
((45.0, 52.0),25.846253468964377)
((29.0, 12.0),127.59146531593466)
((20.0, 42.0),139.36209297858363)
((52.0, 21.0),62.679575629761324)
((23.0, 1.0),9.816694514977549)
((16.0, 44.0),98.24369107732267)
((30.0, 50.0),92.23373430016927)
((23.0, 12.0),115.03698143901843)
((45.0, 23.0),135.1808186442079)
((52.0, 28.0),77.05165819964546)
((43.0, 49.0),61.90165040213838)
((25.0, 23.0),221.76479551758683)
((10.0, 24.0),95.81311802715317)
((25.0, 44.0),144.83658586774513)
((20.0, 14.0),119.26643914537888)
((23.0, 37.0),197.11052403340153)
((43.0, 39.0),135.25518621386277)
((10.0, 19.0),77.6999829871913)
((35.0, 43.0),152.54493665800337)
((22.0, 26.0),216.16059371879072)
((25.0, 26.0),242.67863972353805)
((41.0, 18.0),140.99857147680228)
((35.0, 46.0),124.19332541472954)
((49.0, 38.0),88.34168755995918)
((22.0, 36.0),197.14565416385085)
((44.0, 22.0),140.13088248353148)
((56.0, 25.0),34.011475712829906)
((19.0, 32.0),189.08410396022896)
((47.0, 43.0),79.16122419596388)
((24.0, 52.0),65.1310351525868)
((13.0, 5.0),5.5445173107856505)
((18.0, 48.0),78.57268035072937)
((16.0, 32.0),159.8370815944994)
((56.0, 24.0),32.24097025256679)
((13.0, 28.0),132.16387983252784)
((30.0, 54.0),52.23638417319776)
((53.0, 40.0),43.64446880981301)
((18.0, 13.0),99.73726895457425)
((26.0, 0.0),5.367948044696789)
((45.0, 50.0),42.220476657582395)
((8.0, 49.0),6.124605883640442)
((24.0, 53.0),55.42193947601298)
((26.0, 28.0),260.65583661554524)
((2.0, 19.0),4.366017794064092)
((57.0, 41.0),3.045325887164587)
((24.0, 3.0),31.5440899687761)
((36.0, 49.0),92.5748117552028)
((3.0, 25.0),29.294136657262335)
((20.0, 13.0),110.76569291481161)
((24.0, 57.0),16.383329378554237)
((35.0, 58.0),7.479998422523302)
((9.0, 48.0),20.25014568013546)
((6.0, 14.0),17.983352807819024)
((40.0, 47.0),94.75834316467828)
((2.0, 35.0),16.66379671172617)
((37.0, 19.0),174.59055757591656)
((32.0, 39.0),199.66897168813944)
((9.0, 36.0),81.8257198984499)
((32.0, 0.0),6.876424291547245)
((31.0, 44.0),151.71288093062773)
((33.0, 54.0),50.113022296219825)
((26.0, 51.0),79.06359480711512)
((36.0, 52.0),63.80050837919125)
((5.0, 13.0),4.151793167137825)
((19.0, 57.0),2.21272353608434)
((54.0, 27.0),56.370306402140464)
((44.0, 38.0),132.55422551055875)
((7.0, 38.0),56.267464117016)
((15.0, 51.0),37.05826365477666)
((39.0, 44.0),125.62421093841732)
((52.0, 46.0),21.26013946196821)
((40.0, 38.0),164.98457743690494)
((24.0, 54.0),45.690297607710804)
((20.0, 15.0),127.60621513415664)
((49.0, 26.0),104.70720256289496)
((21.0, 2.0),14.068388786488555)
((1.0, 28.0),12.350570938447625)
((8.0, 42.0),47.8536774434572)
((18.0, 47.0),86.98577313737793)
((25.0, 2.0),23.656356404507903)
((47.0, 9.0),34.10553691639748)
((15.0, 50.0),45.277877538951685)
((16.0, 20.0),134.5138096341836)
((26.0, 1.0),15.284276724006425)
((32.0, 57.0),21.3312683788347)
((1.0, 29.0),12.602729517803688)
((26.0, 11.0),113.9542704269495)
((40.0, 29.0),197.3637931367577)
((52.0, 36.0),67.30719942171629)
((30.0, 1.0),17.73777060143196)
((48.0, 40.0),87.96933113059843)
((52.0, 37.0),64.2014917728601)
((54.0, 19.0),36.7217227472997)
((9.0, 31.0),91.85334186701098)
((42.0, 3.0),10.502626228074021)
((44.0, 37.0),137.57127608335662)
((49.0, 18.0),77.06660097380443)
((58.0, 30.0),17.282222365477047)
((32.0, 22.0),224.29421724820935)
((40.0, 12.0),99.50251557882271)
((10.0, 46.0),40.9590424744659)
((13.0, 43.0),83.21919169224209)
((37.0, 41.0),161.6617798471016)
((54.0, 16.0),23.68412975435021)
((46.0, 28.0),136.9276893068257)
((44.0, 52.0),31.28445156470029)
((21.0, 40.0),161.2672574480655)
((53.0, 25.0),63.582566729718124)
((4.0, 17.0),15.05453348961808)
((21.0, 1.0),4.531068892218357)
((43.0, 45.0),93.9154641500073)
((50.0, 38.0),79.20264496356538)
((22.0, 23.0),200.68205136005514)
((44.0, 3.0),1.4816740079746893)
((24.0, 25.0),228.7363308785965)
((46.0, 53.0),11.95919638998646)
((17.0, 51.0),47.724717333465705)
((13.0, 12.0),59.8146328895206)
((21.0, 18.0),157.74375602445755)
((8.0, 48.0),12.758376578417838)
((46.0, 11.0),55.750887791261086)
((22.0, 24.0),206.62413607775093)
((22.0, 49.0),87.64657291977223)
((33.0, 13.0),134.5049156694861)
((14.0, 16.0),94.42463789443593)
((14.0, 42.0),97.2904724106322)
((39.0, 20.0),169.28279829135727)
((45.0, 31.0),146.35970947622272)
((22.0, 38.0),182.99995495837848)
((39.0, 53.0),44.84928144042701)
((37.0, 44.0),135.3717694968122)
((48.0, 42.0),77.13905989706248)
((3.0, 30.0),32.499252984154836)
((5.0, 46.0),1.1002444879748197)
((14.0, 10.0),51.54226263254369)
((27.0, 29.0),272.5192612959232)
((10.0, 38.0),83.98555292224465)
((7.0, 24.0),66.68564023739343)
((28.0, 51.0),81.55697156513907)
((7.0, 23.0),64.2446322344805)
((49.0, 7.0),5.9008110375059175)
((21.0, 34.0),200.41691102951543)
((13.0, 17.0),92.72241853038231)
((1.0, 35.0),6.866628771655208)
((33.0, 36.0),224.80987508524913)
((50.0, 23.0),88.04123897939341)
((48.0, 30.0),117.22408766631932)
((34.0, 9.0),93.30973525837088)
((43.0, 40.0),129.13206646474393)
((10.0, 20.0),82.11862262902162)
((18.0, 33.0),176.69102924212888)
((55.0, 42.0),16.922953974715433)
((36.0, 22.0),204.39514339460038)
((17.0, 33.0),167.13589083862382)
((50.0, 32.0),95.49696886352159)
((20.0, 17.0),143.70025226274362)
((46.0, 15.0),83.94996649045453)
((34.0, 1.0),14.551424579614434)
((20.0, 46.0),106.02957612837)
((14.0, 11.0),59.19666883754381)
((49.0, 16.0),66.35645457446586)
((10.0, 43.0),59.298469983660844)
((47.0, 23.0),116.50661026883736)
((14.0, 52.0),23.158668209927242)
((2.0, 34.0),18.531694408350177)
((50.0, 48.0),23.772842749157164)
((5.0, 19.0),32.31334786116452)
((30.0, 44.0),152.22706974626658)
((33.0, 12.0),124.68991501803366)
((37.0, 23.0),204.35735044532646)
((24.0, 44.0),141.4962009317814)
((37.0, 17.0),157.8116243613417)
((23.0, 24.0),214.7281832646577)
((24.0, 39.0),186.64891216596124)
((30.0, 51.0),82.23448802890687)
((4.0, 36.0),33.844288681921135)
((39.0, 12.0),104.43157081701351)
((11.0, 19.0),86.5297952171909)
((4.0, 35.0),36.2124612002059)
((38.0, 17.0),152.45419378077997)
((38.0, 27.0),214.44454813002204)
((48.0, 16.0),74.52921352668717)
((25.0, 9.0),92.27232094906103)
((13.0, 40.0),100.92984219872147)
((8.0, 19.0),59.76503994702149)
((10.0, 45.0),47.31992434193408)
((17.0, 40.0),133.15321162364665)
((41.0, 56.0),9.532545993110908)
((25.0, 29.0),252.55814645818634)
((33.0, 31.0),262.8709052251796)
((35.0, 28.0),245.98111360368955)
((45.0, 9.0),46.63188052503845)
((42.0, 40.0),136.77126495469844)
((12.0, 10.0),38.414859509342456)
((41.0, 26.0),182.86148967203508)
((50.0, 45.0),43.219059742856096)
((52.0, 41.0),48.16488599311025)
((10.0, 47.0),34.373919358574234)
((39.0, 41.0),150.19370945347242)
((43.0, 52.0),36.45528803490578)
((22.0, 11.0),101.99977164687172)
((47.0, 47.0),52.230443630893326)
((46.0, 13.0),70.28795656928122)
((39.0, 13.0),113.17921011225636)
((9.0, 19.0),68.77485690830333)
((16.0, 54.0),16.705844391559488)
((28.0, 41.0),180.97316999937803)
((17.0, 38.0),145.31368286385398)
((9.0, 23.0),83.47042935780294)
((57.0, 33.0),24.78716936155923)
((37.0, 5.0),47.101661388208385)
((12.0, 17.0),84.56610059283943)
((40.0, 15.0),124.60264431081299)
((51.0, 50.0),2.73973146187096)
((26.0, 21.0),209.65076699736116)
((14.0, 4.0),2.676497715572488)
((35.0, 15.0),148.33234177267042)
((4.0, 33.0),39.857978127920326)
((27.0, 1.0),16.424130351872925)
((30.0, 58.0),12.238297384294299)
((47.0, 33.0),123.30875945076156)
((33.0, 3.0),35.72996286796453)
((57.0, 36.0),19.095935822277532)
((6.0, 22.0),51.86018936302002)
((30.0, 28.0),287.4745755800304)
((28.0, 36.0),230.05429924506643)
((23.0, 33.0),222.7584561264947)
((46.0, 12.0),63.11896265015896)
((41.0, 38.0),157.23657647698926)
((2.0, 24.0),17.733394393105932)
((41.0, 52.0),45.93041568789541)
((22.0, 50.0),78.30431886503234)
((28.0, 39.0),200.71559952521412)
((14.0, 9.0),43.726220192981415)
((45.0, 32.0),144.88605506463858)
((5.0, 36.0),43.502254525791315)
((44.0, 48.0),64.22880200040271)
((49.0, 39.0),84.00407812612393)
((27.0, 59.0),0.9931401537562934)
((36.0, 15.0),144.5802158080205)
((54.0, 35.0),50.609936180239714)
((47.0, 11.0),48.982352052935205)
((11.0, 43.0),67.42859737636263)
((15.0, 47.0),69.09229430891148)
((31.0, 16.0),167.14988698211806)
((39.0, 48.0),90.65123841883327)
((34.0, 27.0),251.92909112364924)
((50.0, 13.0),40.430075005608295)
((3.0, 33.0),29.959927459693212)
((28.0, 4.0),47.1512394011987)
((13.0, 35.0),122.92955491915741)
((59.0, 34.0),3.5180263128269473)
((32.0, 30.0),276.0972413412485)
((19.0, 47.0),92.32888594703394)
((44.0, 7.0),35.929594392329385)
((16.0, 30.0),162.39313384286478)
((55.0, 38.0),32.581552951778434)
((15.0, 9.0),49.74316995794965)
((8.0, 46.0),25.413481497166863)
((19.0, 35.0),178.0683506310021)
((55.0, 43.0),12.271636734261584)
((36.0, 55.0),34.75447041379294)
((32.0, 19.0),195.27954154740166)
((46.0, 43.0),86.8861005647311)
((52.0, 34.0),72.32491274053366)
((43.0, 53.0),27.766989059107452)
((16.0, 6.0),30.15611805105504)
((38.0, 24.0),202.25162803843142)
((49.0, 49.0),23.94890205264158)
((36.0, 42.0),157.73183971762336)
((22.0, 57.0),11.670406787380188)
((43.0, 18.0),126.25905547437472)
((24.0, 42.0),159.95193597661225)
((18.0, 12.0),91.55296978706346)
((13.0, 46.0),63.02128793053196)
((25.0, 18.0),178.1568138363628)
((21.0, 48.0),92.90883605180414)
((26.0, 50.0),88.91258185676968)
((48.0, 37.0),101.52578651707205)
((30.0, 8.0),87.73378640653291)
((50.0, 34.0),91.83784247282898)
((39.0, 34.0),195.80333307128734)
((52.0, 48.0),8.785467506992859)
((11.0, 51.0),12.720634838206237)
((34.0, 37.0),211.3389448969001)
((17.0, 17.0),123.44145774171193)
((38.0, 57.0),10.224834431820895)
((45.0, 4.0),5.177309624275779)
((22.0, 4.0),36.145663026674164)
((18.0, 30.0),182.3559982581918)
((29.0, 56.0),32.148226356794254)
((50.0, 50.0),9.807931732720938)
((2.0, 38.0),9.06290161384888)
((24.0, 27.0),238.44917044422414)
((38.0, 16.0),144.0680664786716)
((41.0, 35.0),173.44406781003272)
((44.0, 27.0),155.66317191585279)
((50.0, 14.0),46.560573306413566)
((37.0, 13.0),122.24301419623025)
((50.0, 41.0),65.6573809256534)
((33.0, 55.0),40.195268197230156)
((32.0, 1.0),16.845576271023646)
((29.0, 39.0),201.97131570934408)
((20.0, 52.0),52.301579367130984)
((3.0, 40.0),11.717811743715778)
((53.0, 19.0),45.907063248443905)
((24.0, 10.0),99.36711406414418)
((19.0, 8.0),62.129432240990106)
((39.0, 35.0),190.85815449502087)
((36.0, 44.0),139.53123820353287)
((57.0, 26.0),25.48748141520843)
((46.0, 18.0),102.40797560879469)
((37.0, 14.0),131.32118377454373)
((32.0, 29.0),277.27677773028506)
((15.0, 43.0),98.26160409380734)
((16.0, 51.0),42.53041445957084)
((49.0, 19.0),81.93052152455493)
((23.0, 41.0),164.3304292429587)
((7.0, 19.0),50.67971348978286)
((11.0, 24.0),105.46333626816588)
((36.0, 56.0),25.026932215812998)
((58.0, 21.0),5.662832078606286)
((39.0, 26.0),201.93385360066455)
((43.0, 32.0),164.516147157045)
((52.0, 15.0),35.82013404463943)
((11.0, 44.0),61.36962817045756)
((1.0, 24.0),7.9003494101397465)
((53.0, 45.0),18.942810841456712)
((52.0, 35.0),70.01969127817645)
((47.0, 42.0),85.2565068332787)
((26.0, 27.0),256.4917691552159)
((38.0, 43.0),139.37718716337173)
((14.0, 43.0),90.84419774559368)
((47.0, 41.0),91.05079369314171)
((53.0, 21.0),53.27502236419274)
((22.0, 53.0),49.97206924538169)
((21.0, 46.0),110.8525545954711)
((19.0, 21.0),164.73223391609827)
((26.0, 35.0),231.20361578774492)
((56.0, 16.0),5.967822029884573)
((10.0, 28.0),102.23177470960638)
((54.0, 24.0),51.82579409002237)
((11.0, 37.0),97.12201925480393)
((56.0, 17.0),10.327911729436252)
((30.0, 5.0),57.73577583603387)
((47.0, 40.0),96.51836993210819)
((17.0, 20.0),142.71710211243357)
((24.0, 26.0),234.17061767094788)
((49.0, 50.0),16.699442783601768)
((51.0, 42.0),51.96030373764085)
((24.0, 8.0),80.12830824185019)
((19.0, 19.0),151.71859705623953)
((23.0, 4.0),38.90357737848493)
((20.0, 22.0),178.7374899293758)
((13.0, 15.0),80.33206493087185)
((37.0, 34.0),213.09497214306734)
((25.0, 17.0),168.88644245034342)
((35.0, 26.0),238.29063276018627)
((35.0, 30.0),246.82073552730543)
((32.0, 32.0),264.2042467063784)
((42.0, 51.0),50.10284635981666)
((39.0, 8.0),68.42490995708928)
((28.0, 28.0),278.7297220361011)
((34.0, 58.0),9.112185616572184)
((50.0, 35.0),89.31900686690693)
((39.0, 18.0),154.4768309162465)
((45.0, 21.0),126.63515794592553)
((57.0, 29.0),27.37917544086166)
((12.0, 20.0),100.05811810100035)
((33.0, 24.0),238.40787070948068)
((28.0, 35.0),239.68910535467853)
((23.0, 55.0),33.58642863788841)
((49.0, 14.0),54.481543999938076)
((13.0, 44.0),76.73129217970438)
((34.0, 48.0),107.47532588010685)
((17.0, 23.0),158.2153002208997)
((19.0, 24.0),180.5748784180309)
((27.0, 37.0),217.56719506677612)
((28.0, 43.0),161.1569939019028)
((18.0, 22.0),162.15902344952218)
((8.0, 18.0),55.34138275859455)
((33.0, 59.0),0.4695560851488878)
((18.0, 34.0),173.2715528756658)
((40.0, 50.0),68.29085295559238)
((0.0, 32.0),1.319650063757578)
((27.0, 5.0),56.20651770112854)
((35.0, 45.0),133.70811869621676)
((43.0, 56.0),1.2094322615202202)
((31.0, 47.0),121.8033086574469)
((15.0, 11.0),65.61042031469282)
((27.0, 12.0),125.58600600964468)
((35.0, 53.0),56.49852953834401)
((8.0, 26.0),80.23236061714243)
((18.0, 40.0),140.65734545444818)
((42.0, 24.0),166.71959151617642)
((11.0, 52.0),5.0687695598465865)
((24.0, 32.0),236.2544917276329)
((44.0, 9.0),52.526419187504025)
((22.0, 52.0),59.461086066606335)
((46.0, 34.0),130.5226836361601)
((17.0, 45.0),97.23699549128327)
((31.0, 18.0),187.04360747959726)
((12.0, 35.0),113.44783100963883)
((52.0, 29.0),77.37708978474977)
((34.0, 38.0),202.45114181511624)
((29.0, 50.0),92.11880701532127)
((32.0, 46.0),130.73306722701886)
((17.0, 32.0),169.62410321663577)
((31.0, 13.0),137.2604491670047)
((27.0, 13.0),135.45444903964326)
((15.0, 46.0),76.69892184240872)
((20.0, 44.0),123.04087688231355)
((36.0, 12.0),116.72338339345487)
((35.0, 56.0),27.1301459660161)
((9.0, 18.0),64.18212587550545)
((37.0, 57.0),12.915664283217687)
((15.0, 45.0),84.11027244177866)
((10.0, 21.0),86.16059379465551)
((8.0, 29.0),82.59989318435771)
((42.0, 28.0),176.77802367136994)
((39.0, 17.0),146.63117755228396)
((20.0, 30.0),202.30367111264917)
((47.0, 13.0),63.103706944925264)
((46.0, 47.0),59.09021958993755)
((51.0, 40.0),61.64376064477757)
((43.0, 13.0),90.45064877514378)
((30.0, 45.0),142.22853250047268)
((31.0, 22.0),226.65741499004895)
((21.0, 28.0),211.7571002186264)
((28.0, 11.0),116.92221591736619)
((27.0, 27.0),264.71265216309894)
((17.0, 29.0),172.59166691880984)
((19.0, 17.0),137.28128449188597)
((55.0, 36.0),38.46103208255336)
((13.0, 39.0),106.16003847027237)
((11.0, 38.0),93.0834175025409)
((34.0, 23.0),224.56244890321648)
((52.0, 39.0),56.872604249328056)
((18.0, 4.0),21.77313559766432)
((36.0, 8.0),78.70759156712147)
((25.0, 48.0),106.3620046326232)
((45.0, 11.0),62.291358910455905)
((14.0, 38.0),119.80242950920211)
((19.0, 7.0),53.16521727111862)
((56.0, 40.0),16.14290449213499)
((7.0, 16.0),36.949407638002434)
((35.0, 36.0),214.22111905058046)
((4.0, 40.0),20.96801109558939)
((29.0, 3.0),37.64579389441895)
((43.0, 19.0),132.54578880829527)
((10.0, 51.0),6.100012110167299)
((45.0, 53.0),17.484029162627728)
((9.0, 30.0),92.46678759593263)
((17.0, 48.0),73.11274359069692)
((45.0, 19.0),116.30085907093931)
((51.0, 38.0),69.9919506686673)
((41.0, 53.0),36.9290006220654)
((36.0, 6.0),59.45824489776285)
((52.0, 31.0),76.68194377734103)
((21.0, 32.0),208.31141005259082)
((21.0, 24.0),198.18241214256275)
((43.0, 16.0),112.71433124155737)
((32.0, 47.0),120.817714124547)
((35.0, 13.0),129.43304989007174)
((29.0, 46.0),132.08751615197087)
((43.0, 3.0),6.127646439884273)
((35.0, 0.0),3.0519861415683636)
((11.0, 14.0),58.55737094681022)
((30.0, 26.0),267.6442868330634)
((42.0, 21.0),152.3562525466252)
((16.0, 48.0),67.35091585217575)
((22.0, 33.0),213.8952653227291)
((14.0, 34.0),135.52758211156657)
((35.0, 19.0),185.00840588599246)
((27.0, 55.0),40.7990855139731)
((31.0, 24.0),246.24938271702177)
((29.0, 38.0),211.93964624998694)
((38.0, 21.0),183.42490361317203)
((20.0, 11.0),93.36111475413904)
((7.0, 36.0),62.733156624043254)
((40.0, 44.0),120.11351752572122)
((19.0, 6.0),44.12422364820383)
((19.0, 23.0),175.87360222866187)
((45.0, 14.0),84.43008286827997)
((33.0, 7.0),75.36999156282346)
((28.0, 6.0),67.09982864173494)
((33.0, 9.0),95.13752229154967)
((31.0, 1.0),17.46823734105707)
((34.0, 52.0),68.29816938640803)
((33.0, 21.0),211.52062801420266)
((48.0, 49.0),30.83094919396352)
((29.0, 20.0),207.4544481817535)
((32.0, 56.0),31.297069345774702)
((6.0, 32.0),60.99511294797175)
((55.0, 16.0),14.86373272463183)
((27.0, 2.0),26.37567562829652)
((58.0, 39.0),0.9610139777416649)
((45.0, 18.0),110.5524417235861)
((28.0, 37.0),220.32944022238598)
((21.0, 45.0),119.66209754497089)
((56.0, 35.0),31.113656977036186)
((15.0, 8.0),41.594342280367194)
((41.0, 21.0),160.54948764541416)
((30.0, 24.0),247.6846285286841)
((49.0, 37.0),92.28807404535897)
((56.0, 21.0),24.809326306744417)
((28.0, 9.0),97.00374155603708)
((17.0, 5.0),26.297690272413092)
((35.0, 9.0),91.0189092164457)
((40.0, 19.0),155.1406870529969)
((35.0, 23.0),218.49506222565873)
((19.0, 30.0),192.33226150816577)
((33.0, 2.0),25.80361876095491)
((3.0, 22.0),23.02225121032194)
((25.0, 42.0),163.74402397392493)
((32.0, 55.0),41.260231311478215)
((44.0, 46.0),79.82265392687194)
((26.0, 48.0),108.56357709146448)
((39.0, 32.0),203.32036762226602)
((51.0, 17.0),54.747548651533045)
((32.0, 28.0),274.28331691023857)
((5.0, 35.0),45.960443253078616)
((25.0, 10.0),101.99549074561571)
((12.0, 39.0),97.46185564262994)
((27.0, 15.0),155.13719447971934)
((30.0, 4.0),47.736333831863966)
((39.0, 36.0),185.2527147100534)
((46.0, 48.0),51.6202114937607)
((23.0, 22.0),201.20076595951517)
((36.0, 9.0),88.2800739864016)
((26.0, 31.0),258.61214772470527)
((21.0, 16.0),141.48550581202437)
((21.0, 55.0),27.838780364145066)
((50.0, 8.0),6.569325469037111)
((24.0, 58.0),6.58320958818102)
((39.0, 27.0),204.75313070344228)
((38.0, 2.0),15.491987256624213)
((57.0, 17.0),1.2322817151279253)
((12.0, 36.0),110.11395839560002)
((17.0, 10.0),69.37489391630805)
((8.0, 34.0),77.4291311753694)
((9.0, 41.0),61.515196073779386)
((23.0, 5.0),48.55151830457903)
((20.0, 35.0),186.77651354968935)
((42.0, 17.0),126.85645262569753)
((4.0, 28.0),42.32018639832237)
((45.0, 35.0),136.82730915698767)
((34.0, 49.0),97.71122822521583)
((28.0, 13.0),136.82074547612743)
((5.0, 20.0),35.97132584797244)
((28.0, 18.0),186.41102908792146)
((39.0, 31.0),205.7028405755818)
((31.0, 30.0),285.1975979861681)
((33.0, 10.0),105.00350820072441)
((20.0, 49.0),79.56970158238508)
((36.0, 47.0),111.54519205912983)
((11.0, 33.0),108.84695423161695)
((55.0, 27.0),46.41045295851342)
((45.0, 43.0),94.41472969498403)
((23.0, 27.0),229.03329053080768)
((38.0, 5.0),44.05117613334529)
((29.0, 31.0),280.77380395606315)
((29.0, 23.0),237.3129177191768)
((43.0, 9.0),58.15099248903344)
((54.0, 21.0),43.8253616075373)
((48.0, 25.0),112.56454731425254)
((8.0, 11.0),16.32261334004962)
((43.0, 6.0),32.55663906071515)
((35.0, 11.0),110.30790636549068)
((44.0, 20.0),130.152595977639)
((4.0, 37.0),31.124825042526147)
((23.0, 34.0),217.40912192534643)
((29.0, 22.0),227.37305428628403)
((11.0, 32.0),110.56798088667826)
((51.0, 34.0),82.09241731301276)
((38.0, 41.0),156.1608748594764)
((55.0, 37.0),35.694062154285255)
((18.0, 43.0),119.0163745496239)
((36.0, 38.0),192.20277709786114)
((40.0, 42.0),136.14289000897853)
((32.0, 49.0),100.96159753979168)
((31.0, 35.0),240.8891185036347)
((5.0, 45.0),6.595728040696756)
((34.0, 35.0),228.23100523460278)
((42.0, 48.0),75.75995836174474)
((20.0, 26.0),197.4106023346134)
((39.0, 40.0),157.91929178762166)
((46.0, 35.0),127.43824930457876)
((18.0, 8.0),57.450672563549894)
((16.0, 37.0),142.13730997526594)
((35.0, 52.0),66.25233888697608)
((50.0, 21.0),81.33010657378708)
((7.0, 26.0),70.33593107803239)
((31.0, 7.0),77.39232008251119)
((31.0, 0.0),7.477864307691036)
((42.0, 14.0),104.51676063197034)
((16.0, 34.0),154.55022248794495)
((37.0, 24.0),210.54323136275406)
((29.0, 6.0),67.63235899801228)
((38.0, 26.0),211.31664021082383)
((19.0, 2.0),7.335644878103054)
((21.0, 49.0),83.80160216459007)
((31.0, 45.0),141.74682713110036)
((52.0, 26.0),75.06452251997146)
((7.0, 29.0),72.60040528326957)
((25.0, 37.0),208.94668706235842)
((47.0, 22.0),112.87750794238366)
((7.0, 32.0),70.92453906873352)
((12.0, 18.0),90.07915288148669)
((30.0, 11.0),117.73114210911857)
((54.0, 43.0),21.010071397798846)
((42.0, 37.0),154.81519080513172)
((26.0, 17.0),172.1602732346219)
((10.0, 34.0),96.91811212816202)
((20.0, 33.0),195.55114265055664)
((40.0, 48.0),86.0394084377041)
((16.0, 18.0),122.58611914669153)
((42.0, 54.0),23.569939187134814)
((17.0, 37.0),150.75905498836892)
((37.0, 26.0),220.54870965568244)
((43.0, 24.0),157.46615120704033)
((27.0, 9.0),95.90382126034609)
((19.0, 29.0),192.58796682509754)
((14.0, 49.0),47.26272165791961)
((56.0, 18.0),14.404279156341495)
((35.0, 32.0),240.5186730795614)
((51.0, 36.0),76.85496045207394)
((48.0, 46.0),52.034303202471754)
((20.0, 1.0),1.4205993644980452)
((15.0, 35.0),141.70153489889253)
((33.0, 39.0),196.95367057369396)
((26.0, 18.0),181.6868866920231)
((35.0, 3.0),32.524554289545584)
((14.0, 6.0),19.44473076943062)
((8.0, 17.0),50.595024209024864)
((7.0, 22.0),61.40914437247243)
((5.0, 17.0),24.05408201798199)
((39.0, 28.0),206.58178361810158)
((13.0, 50.0),33.20626293178762)
((13.0, 11.0),52.54492623343502)
((29.0, 8.0),87.62129422376648)
((37.0, 39.0),178.2319045368924)
((36.0, 53.0),54.14395089177049)
((34.0, 12.0),122.55745532002851)
((24.0, 20.0),191.3559696497473)
((20.0, 2.0),10.855303481050775)
((14.0, 18.0),106.6836179026902)
((31.0, 14.0),147.22841086607528)
((58.0, 38.0),4.0788650331971255)
((12.0, 42.0),81.39832790377423)
((26.0, 45.0),137.8799429667115)
((12.0, 34.0),116.29721092528666)
((32.0, 48.0),110.89344640459387)
((28.0, 14.0),146.76010262289253)
((5.0, 38.0),37.50983348759284)
((45.0, 24.0),138.69172499845786)
((10.0, 10.0),24.45994085563857)
((31.0, 58.0),11.973910455303951)
((30.0, 19.0),197.71650726396012)
((9.0, 13.0),36.68443921655957)
((33.0, 44.0),148.69391547550694)
((1.0, 36.0),4.733729713544399)
((55.0, 23.0),39.831458081520275)
((34.0, 57.0),19.000491965576742)
((27.0, 51.0),80.53445394396405)
((42.0, 30.0),177.14378512792786)
((48.0, 18.0),85.64732417053077)
((39.0, 9.0),77.55445751923492)
((18.0, 17.0),130.51504606458093)
((30.0, 33.0),262.15992253181)
((21.0, 39.0),168.88258386163304)
((46.0, 33.0),133.0641928143952)
((13.0, 9.0),37.466155609497065)
((30.0, 43.0),162.22539466724967)
((36.0, 4.0),40.09551395694352)
((23.0, 58.0),4.4645839675828825)
((23.0, 10.0),96.28126214599033)
((21.0, 17.0),149.7274412647159)
((6.0, 23.0),54.58532508397969)
((26.0, 23.0),227.384726217383)
((54.0, 25.0),53.73706425808283)
((37.0, 42.0),153.05626860511728)
((20.0, 43.0),131.30046172736314)
((29.0, 18.0),187.50695541952624)
((5.0, 33.0),49.74792246653976)
((34.0, 56.0),28.880604761650694)
((45.0, 49.0),50.20951656745531)
((24.0, 11.0),108.92788806283167)
((28.0, 58.0),11.725242242663576)
((21.0, 3.0),23.573005420356417)
((41.0, 32.0),184.01977388825006)
((40.0, 33.0),190.66483125730832)
((31.0, 31.0),278.22597541659457)
((36.0, 57.0),15.280515159522743)
((50.0, 30.0),97.24030069649402)
((34.0, 6.0),63.87318149895428)
((12.0, 40.0),92.45073606272047)
((10.0, 18.0),72.92666267763761)
((19.0, 22.0),170.56907022466075)
((27.0, 50.0),90.45256178016783)
((10.0, 41.0),70.15824472074854)
((56.0, 39.0),19.786057397242338)
((40.0, 5.0),36.91396469792874)
((23.0, 43.0),146.64998691959906)
((49.0, 11.0),34.83152315345741)
((16.0, 9.0),55.499055730217925)
((24.0, 48.0),103.67516080796904)
((13.0, 38.0),111.0054666275592)
((43.0, 28.0),166.823852674539)
((32.0, 33.0),255.9962161281843)
((24.0, 50.0),84.46940689049242)
((20.0, 28.0),201.84411074364348)
((33.0, 23.0),229.72487389295986)
((38.0, 35.0),199.20460489628846)
((28.0, 53.0),61.615120542109985)
((7.0, 35.0),65.39275815863839)
((47.0, 46.0),59.303601975093336)
((39.0, 2.0),12.4290694779733)
((8.0, 13.0),28.738403409958728)
((38.0, 54.0),38.83978967590284)
((5.0, 29.0),52.601305288216196)
((47.0, 28.0),126.95431446889351)
((28.0, 1.0),17.214737631518382)
((27.0, 24.0),241.00673094476372)
((31.0, 21.0),216.78859612551744)
((23.0, 46.0),119.22052761638537)
((28.0, 2.0),27.195121645541995)
((25.0, 38.0),200.2718553361202)
((45.0, 10.0),54.540428975649746)
((35.0, 22.0),210.62406453401678)
((38.0, 15.0),135.50145638784417)
((17.0, 25.0),165.78787247864335)
((11.0, 16.0),70.6432098095295)
((33.0, 20.0),202.15521359918327)
((29.0, 30.0),289.29254590762844)
((34.0, 5.0),54.03073896471099)
((47.0, 51.0),22.133591040474023)
((14.0, 45.0),77.16341481021655)
((32.0, 21.0),214.69836753683038)
((6.0, 27.0),61.57107803612725)
((41.0, 11.0),85.76537398412924)
((11.0, 10.0),31.532953680721505)
((21.0, 33.0),204.80654136063868)
((29.0, 19.0),197.48325931749437)
((40.0, 31.0),195.86458315427183)
((19.0, 43.0),125.33659957712537)
((15.0, 22.0),135.85542190486126)
((7.0, 48.0),5.117787142481944)
((29.0, 9.0),97.6149419834369)
((30.0, 39.0),202.21526852377968)
((35.0, 2.0),22.712933917164833)
((33.0, 6.0),65.4714438510603)
((45.0, 42.0),100.97661864693677)
((3.0, 28.0),32.33107096325899)
((12.0, 9.0),30.979947430795818)
((20.0, 8.0),66.47347522794519)
((26.0, 44.0),147.59292716118105)
((11.0, 31.0),111.77276279940185)
((14.0, 41.0),103.43918108044772)
((27.0, 43.0),159.55374844362404)
((54.0, 22.0),46.858848867497116)
((20.0, 5.0),38.906823818441794)
((15.0, 39.0),123.14301761568717)
((44.0, 14.0),91.38993694920366)
((18.0, 44.0),111.29369453475682)
((6.0, 15.0),23.253931672555233)
((3.0, 27.0),31.687386560944084)
((22.0, 51.0),68.90700556902007)
((36.0, 32.0),231.51453425481054)
((53.0, 47.0),7.249017661664396)
((51.0, 28.0),87.03584258047485)
((40.0, 10.0),82.07972288733447)
((56.0, 37.0),26.12072085201067)
((45.0, 28.0),146.8975906502718)
((6.0, 11.0),0.7202008655108827)
((11.0, 22.0),99.16544258132916)
((42.0, 11.0),80.34411970020145)
((42.0, 32.0),174.28745641324383)
((3.0, 36.0),24.161946241797345)
((16.0, 12.0),79.66910595117618)
((12.0, 29.0),122.59726747332675)
((1.0, 30.0),12.507064222794604)
((20.0, 36.0),181.36377060466174)
((13.0, 13.0),66.88198779335946)
((39.0, 19.0),162.04352214789495)
((50.0, 49.0),16.880874111158803)
((40.0, 24.0),184.8513753734938)
((47.0, 27.0),125.96031418164725)
((20.0, 40.0),154.76039421059448)
((57.0, 20.0),12.202952390599329)
((23.0, 29.0),232.57398176338717)
((14.0, 28.0),142.13552014785094)
((25.0, 0.0),3.9327521098068985)
((29.0, 21.0),217.41866916473555)
((3.0, 34.0),28.381447948131147)
((7.0, 14.0),26.347629172268086)
((17.0, 28.0),172.02388387926501)
((35.0, 49.0),95.37112141178575)
((18.0, 54.0),25.846684984226123)
((53.0, 26.0),65.16346154125029)
((56.0, 20.0),21.65684875217746)
((50.0, 47.0),30.469954621563176)
((8.0, 25.0),78.54386827469853)
((26.0, 33.0),246.86857428676586)
((16.0, 49.0),59.20840256354239)
((21.0, 8.0),70.4637968898314)
((10.0, 26.0),99.99430795061713)
((29.0, 13.0),137.58171324297805)
((23.0, 52.0),62.48957942360512)
((29.0, 2.0),27.64961461361935)
((20.0, 23.0),184.4162927147261)
((26.0, 38.0),204.61691133005195)
((21.0, 26.0),206.8505755279924)
((14.0, 51.0),31.325241330486158)
((14.0, 24.0),134.16512479496063)
((54.0, 20.0),40.4418209450348)
((24.0, 9.0),89.76546934965586)
((40.0, 23.0),179.98246498033558)
((23.0, 8.0),77.30889090385443)
((23.0, 56.0),23.90003975535496)
((3.0, 24.0),27.554285394397695)
((36.0, 39.0),183.91710588293785)
((4.0, 29.0),42.60170284367657)
((40.0, 4.0),27.678012401159506)
((41.0, 34.0),177.68316987719172)
((38.0, 8.0),72.23961810213176)
((25.0, 33.0),239.41355240483648)
((41.0, 28.0),186.72412134874412)
((13.0, 45.0),69.99149378137297)
((53.0, 17.0),37.22019403182635)
((43.0, 33.0),162.12008332483248)
((55.0, 44.0),7.352416601878673)
((29.0, 53.0),62.13537143940005)
((45.0, 7.0),30.397681975990594)
((10.0, 23.0),93.02829727565744)
((3.0, 18.0),10.005715297905553)
((38.0, 11.0),99.90056800230107)
((38.0, 19.0),168.54750281855075)
((9.0, 28.0),92.25005374635484)
((47.0, 21.0),108.79375012130737)
((45.0, 22.0),131.14987266331767)
((27.0, 41.0),179.10684265072098)
((19.0, 3.0),16.614358514593306)
((24.0, 0.0),2.168530025529982)
((29.0, 4.0),47.641670431766094)
((13.0, 24.0),124.64614327551402)
((16.0, 10.0),63.70419218700739)
((38.0, 38.0),179.48152507747096)
((28.0, 57.0),21.70638002485333)
((58.0, 34.0),13.382955923200264)
((51.0, 31.0),86.64882594898327)
((31.0, 32.0),269.5187731917104)
((36.0, 7.0),69.09886750203174)
((12.0, 45.0),62.61490744613983)
((47.0, 30.0),127.21457421619758)
((22.0, 28.0),221.64797304507704)
((37.0, 54.0),41.828691194379175)
((37.0, 12.0),113.07073808292625)
((5.0, 37.0),40.68148836897201)
((25.0, 5.0),53.1583493833115)
((16.0, 15.0),102.23576158492915)
((36.0, 43.0),148.68831350053736)
((32.0, 54.0),51.22043721436821)
((8.0, 23.0),73.87431769837647)
((27.0, 33.0),253.36118392968854)
((42.0, 43.0),115.58576229578094)
((6.0, 13.0),12.461494313649446)
((38.0, 6.0),53.49483275212368)
((44.0, 25.0),151.2615521829229)
((33.0, 45.0),138.9145312099422)
((48.0, 19.0),90.71056721269187)
((10.0, 29.0),102.59871333830795)
((20.0, 29.0),202.58554708419405)
((25.0, 58.0),8.374137529449008)
((14.0, 13.0),73.9552292547009)
((42.0, 52.0),41.34272784503999)
((44.0, 11.0),68.58442731199293)
((39.0, 33.0),199.9902586850989)
((24.0, 14.0),137.2930761040922)
((53.0, 43.0),29.66104702551302)
((4.0, 20.0),26.579243640212766)
((31.0, 46.0),131.77674428232734)
((58.0, 22.0),8.299185017994226)
((44.0, 12.0),76.37494701242008)
((6.0, 35.0),55.68805359071831)
((42.0, 7.0),46.17187392733477)
((48.0, 24.0),110.06039938356345)
((37.0, 11.0),103.81755450682569)
((26.0, 2.0),25.19454131740435)
((57.0, 18.0),5.182859164653841)
((30.0, 12.0),127.73005602245647)
((23.0, 42.0),155.56582997580009)
((44.0, 4.0),10.227351197079457)
((27.0, 8.0),85.99006299952073)
((50.0, 51.0),2.5669259708651637)
((19.0, 42.0),133.10989721945225)
((27.0, 48.0),110.26298520811739)
((30.0, 37.0),222.20630084950827)
((44.0, 44.0),94.65134614162501)
((52.0, 23.0),68.84858229803245)
((42.0, 31.0),176.1103451700974)
((29.0, 24.0),247.2300528135346)
((43.0, 50.0),53.53332654818178)
((10.0, 7.0),2.7503859216311)
((47.0, 5.0),2.5443271110825805)
((43.0, 22.0),148.98376256383887)
((9.0, 8.0),3.2507803804709923)
((35.0, 16.0),157.66913337809785)
((46.0, 6.0),16.48166971276993)
((4.0, 39.0),24.67500333102432)
((22.0, 12.0),111.16386079706409)
((44.0, 18.0),118.51130456478612)
((24.0, 6.0),60.764620605079536)
((2.0, 33.0),20.05463030895701)
((40.0, 14.0),116.39925016062836)
((19.0, 41.0),140.6346669914622)
((44.0, 26.0),153.78740512454812)
((31.0, 20.0),206.89177966697784)
((41.0, 7.0),50.84846615073506)
((47.0, 6.0),10.630211710036477)
((26.0, 13.0),133.49772501635923)
((42.0, 9.0),63.48633936298704)
((33.0, 35.0),233.67837574730103)
((13.0, 10.0),45.090179687724756)
((36.0, 14.0),135.378275197039)
((35.0, 24.0),225.851150226191)
((7.0, 13.0),20.660380507062932)
((41.0, 40.0),144.14304898924195)
((12.0, 49.0),34.34671029418183)
((45.0, 26.0),144.01809827312516)
((34.0, 19.0),189.2261946543262)
((1.0, 25.0),9.522457122933332)
((11.0, 8.0),16.86653169037342)
((31.0, 9.0),97.35703012291185)
((48.0, 43.0),71.25998237137264)
((43.0, 17.0),119.63670339152497)
((21.0, 52.0),56.05996976687667)
((8.0, 24.0),76.42043644922637)
((27.0, 57.0),20.903048829350475)
((31.0, 51.0),81.88523899068241)
((43.0, 12.0),82.61570075652081)
((18.0, 53.0),34.84901830662874)
((15.0, 10.0),57.75327035463345)
((57.0, 24.0),22.42635431762217)
((14.0, 5.0),11.112025082632364)
((16.0, 43.0),105.44766475592442)
((31.0, 52.0),71.90123627838013)
((36.0, 34.0),221.25831408526471)
((31.0, 2.0),27.45790425633526)
((13.0, 47.0),55.84040666956483)
((11.0, 29.0),112.5980289809871)
((21.0, 14.0),124.45271068652055)
((14.0, 36.0),128.6489850382357)
((51.0, 37.0),73.61823015970316)
((27.0, 28.0),269.99676753177926)
((26.0, 14.0),143.22626299055196)
((37.0, 56.0),22.578986425385352)
((23.0, 14.0),133.50281588702674)
((41.0, 57.0),0.2895749587214169)
((17.0, 13.0),93.71638291019543)
((49.0, 20.0),86.43667336424016)
((49.0, 25.0),102.80902736273525)
((34.0, 45.0),136.59633106496014)
((34.0, 50.0),87.92514475466365)
((15.0, 44.0),91.30554050482466)
((20.0, 47.0),97.31916129510549)
((37.0, 37.0),193.61637818558165)
((51.0, 27.0),86.22737475479082)
((29.0, 57.0),22.151894580886555)
((30.0, 0.0),7.738183979038773)
((28.0, 7.0),77.07066846220329)
((28.0, 26.0),263.36080456256957)
((17.0, 21.0),148.36587782068872)
((22.0, 8.0),74.0816534578212)
((17.0, 49.0),64.77069875944349)
((31.0, 57.0),21.963974965060302)
((18.0, 28.0),181.97408308567447)
((58.0, 35.0),11.548397479747372)
((8.0, 39.0),61.645690504137995)
((36.0, 37.0),200.17393013729446)
((25.0, 54.0),47.75873553882164)
((47.0, 16.0),82.549212954345)
((37.0, 15.0),140.28919859821346)
((39.0, 24.0),193.66573935341162)
((29.0, 16.0),167.54362606267244)
((23.0, 30.0),232.16737527985742)
((13.0, 22.0),117.68439182068846)
((9.0, 37.0),78.51633572877368)
((12.0, 31.0),121.7257068719955)
((14.0, 25.0),137.03925971127086)
((22.0, 54.0),40.44468181403822)
((6.0, 16.0),28.258609380391988)
((9.0, 49.0),13.442888705994456)
((7.0, 40.0),48.374200189429324)
((20.0, 45.0),114.60979449884587)
((29.0, 17.0),177.52678644779178)
((2.0, 40.0),2.4191046123554116)
((21.0, 7.0),61.18653409605873)
((35.0, 7.0),71.60756969040136)
((1.0, 31.0),12.06392174134205)
((12.0, 16.0),78.73823653284572)
((38.0, 58.0),0.6262476080355128)
((20.0, 19.0),158.7923329805025)
((30.0, 3.0),37.736849276515514)
((36.0, 48.0),102.08534243970227)
((32.0, 20.0),205.01909950046786)
((17.0, 22.0),153.54897047043352)
((24.0, 21.0),199.70781500073758)
((37.0, 10.0),94.49439209962503)
((40.0, 21.0),168.49253013673683)
((42.0, 36.0),159.91562621130558)
((38.0, 52.0),57.73018889228613)
((47.0, 15.0),76.32647061935302)
((39.0, 37.0),179.07880035910975)
((17.0, 35.0),160.13268578540092)
((23.0, 6.0),58.170853724965355)
((52.0, 42.0),43.33694911802592)
((37.0, 28.0),226.3623627501782)
((22.0, 7.0),64.6617280101421)
((10.0, 13.0),44.48617392239392)
((23.0, 15.0),142.59507835290233)
((10.0, 36.0),91.30824821294667)
((37.0, 7.0),66.1890426969606)
((26.0, 25.0),243.582165329714)
((46.0, 31.0),136.42258823923726)
((42.0, 4.0),19.529455268433082)
((35.0, 29.0),247.34036528158268)
((13.0, 36.0),119.42054501603084)
((7.0, 42.0),39.182943018159406)
((33.0, 5.0),55.56463715712756)
((8.0, 20.0),63.847860325518475)
((4.0, 18.0),19.19950867920683)
((55.0, 41.0),21.29295497741463)
((33.0, 33.0),250.11449347599154)
((58.0, 23.0),10.613817706605033)
((33.0, 0.0),5.93595697156637)
((55.0, 32.0),45.86884572212604)
((30.0, 46.0),132.22982089139305)
((25.0, 55.0),37.93006174275963)
((38.0, 29.0),217.35782295319527)
((24.0, 18.0),173.93045074885322)
((45.0, 17.0),104.46130742046066)
((39.0, 57.0),7.217013222788111)
((18.0, 39.0),147.2417448500952)
((32.0, 35.0),237.98123608619107)
((9.0, 15.0),48.51425759487476)
((31.0, 5.0),57.42179595873033)
((32.0, 15.0),155.96394113346554)
((17.0, 31.0),171.38088236624077)
((49.0, 8.0),13.382955863444082)
((13.0, 18.0),98.45845882033736)
((25.0, 8.0),82.5240436215758)
((45.0, 51.0),34.095356009294804)
((14.0, 8.0),35.76288456123997)
((24.0, 49.0),94.09118638349533)
((16.0, 47.0),75.3433746500189)
((33.0, 27.0),260.5211257242687)
((28.0, 21.0),215.93190000717289)
((34.0, 33.0),243.0720233340731)
((18.0, 56.0),7.64741455479232)
((22.0, 31.0),220.60207023175025)
((33.0, 41.0),177.8175950040511)
((33.0, 28.0),265.16354559863123)
((7.0, 43.0),34.14189075025689)
((42.0, 56.0),5.511337054609804)
((43.0, 8.0),49.728256902901826)
((55.0, 45.0),2.1785684173483943)
((8.0, 15.0),40.206143515791375)
((17.0, 14.0),101.48569895135324)
((30.0, 17.0),177.72196107262664)
((59.0, 27.0),6.543731651232179)
((22.0, 56.0),21.290550427555175)
((57.0, 34.0),23.238190515377042)
((22.0, 40.0),167.3387599104367)
((2.0, 31.0),22.044219471701894)
((36.0, 41.0),166.6387148046617)
((26.0, 5.0),54.88159749767718)
((29.0, 41.0),182.0185733849756)
((16.0, 50.0),50.93055097587598)
((27.0, 53.0),60.677790441352215)
((17.0, 7.0),43.830235131904765)
((22.0, 46.0),115.2596771974817)
((12.0, 8.0),23.383312789778117)
((49.0, 44.0),57.246578866447635)
((25.0, 11.0),111.68966378276203)
((12.0, 7.0),15.637916377766565)
((46.0, 42.0),93.20895306777359)
((45.0, 30.0),147.19181359936556)
((48.0, 48.0),38.0897465339644)
((39.0, 56.0),16.685898153647543)
((25.0, 52.0),67.3722686036447)
((10.0, 39.0),79.73371027892622)
((17.0, 4.0),17.40849745783887)
((36.0, 13.0),126.08819696201704)
((17.0, 44.0),104.91581571992505)
((11.0, 45.0),55.05214554790374)
((32.0, 13.0),136.18183198605692)
((31.0, 54.0),51.92936470897916)
((44.0, 51.0),39.70584153749385)
((22.0, 17.0),155.31388223133212)
((19.0, 46.0),100.82094846389995)
((41.0, 20.0),154.42717164670856)
((21.0, 42.0),145.22025992288062)
((42.0, 26.0),173.21805582822856)
((39.0, 39.0),165.34514266113035)
((19.0, 4.0),25.842346739553683)
((34.0, 14.0),141.89923863288016)
((56.0, 15.0),1.3364356995149507)
((30.0, 23.0),237.6950960918635)
((11.0, 21.0),95.35513098938014)
((57.0, 35.0),21.338742860830422)
((0.0, 33.0),0.2251703708000008)
((40.0, 16.0),132.61054566090843)
((25.0, 30.0),251.98201890268038)
((32.0, 44.0),150.5299346089204)
((41.0, 19.0),147.89328971541985)
((51.0, 20.0),68.23771658017542)
((37.0, 30.0),226.97606076021614)
((26.0, 32.0),253.43873544306092)
((23.0, 44.0),137.60780944596263)
((32.0, 24.0),243.06706028650353)
((34.0, 10.0),103.08412308768908)
((37.0, 40.0),170.06745552444477)
((55.0, 25.0),43.87959025812286)
((26.0, 26.0),250.62420522094482)
((48.0, 51.0),15.8134908300854)
((22.0, 42.0),150.63802791721025)
((19.0, 10.0),79.7900976605434)
((40.0, 41.0),143.81371553996792)
((8.0, 40.0),57.37317976689216)
((27.0, 21.0),213.30966218612048)
((26.0, 43.0),157.2662660401634)
((33.0, 30.0),266.4802649530468)
((49.0, 40.0),79.29831149869915)
((22.0, 34.0),209.06583494075028)
((41.0, 12.0),94.20526725559846)
((29.0, 59.0),2.158492202060458)
((44.0, 50.0),48.011802084850395)
((30.0, 53.0),62.23580528937582)
((55.0, 18.0),23.571555374470385)
((33.0, 11.0),114.85511388319523)
((18.0, 11.0),83.21631204490217)
((30.0, 27.0),277.5971159061892)
((12.0, 33.0),118.63926093928441)
((38.0, 32.0),212.85230610868484)
((11.0, 41.0),78.68695647123116)
((58.0, 29.0),17.379504017447616)
((40.0, 18.0),147.91705057338567)
((54.0, 18.0),32.67911747869366)
((42.0, 45.0),100.2035907470119)
((41.0, 43.0),122.07760033680756)
((14.0, 12.0),66.6735305626145)
((34.0, 43.0),155.80996934922024)
((43.0, 43.0),108.79110419714351)
((39.0, 22.0),182.53944958030675)
((38.0, 10.0),90.75185629348564)
((22.0, 27.0),219.47644390139416)
((12.0, 15.0),72.61976574157707)
((33.0, 14.0),144.29637133726283)
((30.0, 13.0),137.72883608229824)
((24.0, 41.0),169.0096828177011)
((42.0, 33.0),171.7087662533729)
((16.0, 45.0),90.80964355094554)
((35.0, 44.0),143.16252760780708)
((32.0, 7.0),76.60257404265693)
((20.0, 31.0),201.0072239037359)
((37.0, 36.0),200.689990689893)
((29.0, 14.0),147.57068223512297)
((15.0, 12.0),73.29871613456923)
((1.0, 27.0),11.751501307886443)
((28.0, 32.0),267.25228421125956)
((40.0, 13.0),108.0254227758272)
((2.0, 29.0),22.60241196662122)
((19.0, 54.0),29.9772770668039)
((30.0, 55.0),42.23691814235519)
((54.0, 45.0),10.612069457241162)
((41.0, 33.0),181.2295916900498)
((12.0, 11.0),45.673865348649834)
((45.0, 6.0),22.096396491986)
((19.0, 11.0),88.46419185033315)
((25.0, 57.0),18.23654136756293)
((26.0, 3.0),35.09806123221477)
((28.0, 17.0),176.51940528291348)
((51.0, 32.0),85.5851672338714)
((17.0, 46.0),89.36326759422624)
((38.0, 12.0),108.96393082200056)
((38.0, 40.0),164.22556617679615)
((46.0, 24.0),129.20014534522412)
((34.0, 24.0),232.57729494703233)
((58.0, 25.0),14.247735643783024)
((23.0, 23.0),208.25968340927665)
((42.0, 22.0),157.6845995569855)
((15.0, 13.0),80.80038971883582)
((27.0, 4.0),46.26733562619396)
((28.0, 38.0),210.54389268217616)
((25.0, 41.0),173.0720914785141)
((30.0, 29.0),296.55278401024526)
((42.0, 47.0),84.0634370173805)
((40.0, 40.0),151.20766682301667)
((37.0, 35.0),207.2234894599183)
((44.0, 15.0),98.57220785791036)
((38.0, 9.0),81.52851764259384)
((53.0, 31.0),66.71222706454142)
((49.0, 21.0),90.5619625643138)
((7.0, 41.0),43.93254761393621)
((10.0, 16.0),62.403058857324325)
((8.0, 45.0),31.40595855021825)
((35.0, 39.0),188.99095739322118)
((40.0, 54.0),31.841246667639993)
((21.0, 15.0),133.05136171118346)
((41.0, 24.0),175.8571930416609)
((34.0, 3.0),34.31055103394332)
((56.0, 38.0),23.115806540348167)
((52.0, 19.0),55.02859403409779)
((21.0, 43.0),136.86887182539226)
((46.0, 9.0),40.485771618591535)
((22.0, 37.0),190.30034868532255)
((42.0, 20.0),146.56050338685196)
((23.0, 11.0),105.69014128457002)
((28.0, 22.0),225.68686201226848)
((12.0, 13.0),59.60079690428259)
((43.0, 5.0),23.82803496857079)
((31.0, 17.0),177.10105952432443)
((41.0, 39.0),150.88128173435035)
((18.0, 31.0),181.27717916505594)
((59.0, 30.0),7.285851799536367)
((29.0, 26.0),266.9143322808554)
((23.0, 26.0),225.2920565688956)
((18.0, 9.0),66.15138811390406)
((30.0, 15.0),157.72588175790747)
((38.0, 53.0),48.30641959845895)
((53.0, 20.0),49.76367660107787)
((57.0, 37.0),16.517918885969642)
((11.0, 26.0),109.85661300410155)
((27.0, 47.0),120.1524597305945)
((50.0, 39.0),75.04118369740428)
((30.0, 35.0),242.1911291828156)
((21.0, 51.0),65.36892509951397)
((17.0, 41.0),126.52709769914125)
((2.0, 39.0),5.8922097962506825)
((52.0, 25.0),73.4145371212249)
((43.0, 11.0),74.6093690580754)
((21.0, 47.0),101.92992870138383)
((53.0, 34.0),62.53805331227273)
((52.0, 18.0),50.68896394316752)
((21.0, 36.0),189.4252031823583)
((15.0, 15.0),95.162349091351)
((36.0, 28.0),236.20132561238503)
((59.0, 35.0),1.744140438748083)
((50.0, 27.0),96.17040318415675)
((31.0, 8.0),87.37550423475)
((29.0, 58.0),12.155307976383867)
((27.0, 17.0),174.7194089031906)
((35.0, 27.0),242.87694820549373)
((44.0, 49.0),56.19053577158873)
((39.0, 47.0),99.57069342436836)
((15.0, 31.0),151.54658680701226)
((44.0, 39.0),127.1038333694224)
((27.0, 11.0),115.70337968783025)
((25.0, 56.0),28.088893975745393)
((45.0, 38.0),123.95932810714385)
((29.0, 55.0),42.144273667169685)
((51.0, 35.0),79.68497183881024)
((57.0, 39.0),10.393224535231269)
((25.0, 25.0),236.51188061720288)
((53.0, 39.0),47.684401333125486)
((57.0, 32.0),25.97973595581763)
((19.0, 16.0),129.64042928138466)
((48.0, 9.0),27.50762163936276)
((53.0, 42.0),34.61697029734129)
((18.0, 32.0),179.3761829977766)
((25.0, 1.0),13.799349556202607)
((37.0, 47.0),107.99102780820455)
((36.0, 0.0),1.1181609722886776)
((33.0, 1.0),15.87210900123143)
((21.0, 29.0),212.58257380244373)
((29.0, 28.0),285.69421477929484)
((40.0, 26.0),192.43978507024394)
((4.0, 27.0),41.65161255270881)
((52.0, 40.0),52.68253679595631)
((25.0, 32.0),245.08442305664227)
((30.0, 6.0),67.73516979329806)
((27.0, 25.0),249.6492022406482)
((12.0, 22.0),108.46214416029184)
((13.0, 34.0),125.93407720076843)
((42.0, 6.0),37.37151612138266)
((25.0, 24.0),229.46104436848634)
((59.0, 33.0),4.963453653175485)
((10.0, 33.0),99.03419161357292)
((41.0, 51.0),54.85441747535816)
((34.0, 15.0),151.5047213341696)
((5.0, 30.0),52.49017961649674)
((35.0, 57.0),17.311205949533033)
((29.0, 47.0),122.09665749853298)
((29.0, 10.0),107.60792960844967)
((24.0, 37.0),203.36421454346913)
((27.0, 44.0),149.7330820925095)
((56.0, 43.0),3.4534744872228984)
((24.0, 33.0),231.30875699128694)
((15.0, 16.0),101.97611186790314)
((15.0, 40.0),117.42566100553785)
((45.0, 27.0),145.77499973249442)
((50.0, 16.0),58.04641543235391)
((43.0, 47.0),78.2324866016976)
((54.0, 33.0),54.46912648372546)
((26.0, 37.0),213.72754458670187)
((23.0, 13.0),124.31188066243735)
((19.0, 14.0),113.68738836817403)
((19.0, 13.0),105.43023818719426)
((16.0, 31.0),161.46969048339145)
((11.0, 17.0),76.26011922847738)
((46.0, 27.0),135.87327617468412)
((55.0, 34.0),42.915115852829864)
((53.0, 12.0),10.555288148543376)
((33.0, 56.0),30.271440688441693)
((34.0, 2.0),24.43533199862653)
((48.0, 26.0),114.56255511712118)
((39.0, 14.0),121.79504895918268)
((33.0, 47.0),119.28330918901821)
((46.0, 8.0),32.61892794885764)
((14.0, 7.0),27.66517642024379)
((19.0, 5.0),35.014310042118026)
((38.0, 22.0),190.25142306718564)
((2.0, 32.0),21.226950782047318)
((40.0, 55.0),22.575931055099048)
((31.0, 34.0),250.61276207259922)
((29.0, 36.0),231.84846428569534)
((13.0, 29.0),132.5964149904495)
((28.0, 16.0),166.61161883242704)
((53.0, 41.0),39.283381018810815)
((3.0, 37.0),21.537024108603013)
((41.0, 48.0),81.06766911256109)
((43.0, 34.0),159.05366814446432)
((11.0, 25.0),107.90754679818275)
((14.0, 53.0),14.87525532062147)
((56.0, 33.0),34.68910429101548)
((18.0, 45.0),103.36565212679318)
((7.0, 11.0),8.58855730067912)
((30.0, 2.0),27.73732685836368)
((41.0, 9.0),68.51246059063847)
((41.0, 22.0),166.20372786532448)
((29.0, 44.0),152.06552751418843)
((57.0, 23.0),20.371439698612726)
((41.0, 14.0),110.62876113913458)
((35.0, 40.0),180.09168260019123)
((15.0, 5.0),16.436086890491204)
((22.0, 9.0),83.44955242361738)
((18.0, 24.0),171.50825357732631)
((40.0, 2.0),9.05452255203599)
((27.0, 20.0),203.76997542811858)
((42.0, 41.0),130.00406773787523)
((41.0, 31.0),185.99817629637238)
((30.0, 56.0),32.2374122287982)
((41.0, 13.0),102.49944540199564)
((38.0, 31.0),215.50311538645514)
((36.0, 27.0),233.5524732406294)
((37.0, 6.0),56.66367572065191)
((51.0, 10.0),13.357739326221107)
((19.0, 20.0),158.42891714707588)
((11.0, 30.0),112.45135088998748)
((3.0, 21.0),20.247115683469055)
((21.0, 37.0),183.0308470901734)
((42.0, 23.0),162.49119939278353)
((16.0, 36.0),146.81504035752852)
((22.0, 1.0),7.332748644310314)
((8.0, 16.0),45.544021669528796)
((52.0, 30.0),77.25360340987106)
((22.0, 58.0),2.025250460153174)
((29.0, 29.0),292.27649483973784)
((10.0, 14.0),50.71640174693243)
((32.0, 52.0),71.13043719740539)
((5.0, 16.0),19.48056643120257)
((26.0, 49.0),98.74667441953832)
((49.0, 17.0),71.86779411886342)
((13.0, 32.0),130.3269278948815)
((26.0, 16.0),162.5663843949855)
((37.0, 21.0),190.2843569426912)
((42.0, 50.0),58.76652314347879)
((28.0, 49.0),101.48712235868888)
((24.0, 51.0),74.81466831226382)
((30.0, 40.0),192.21850459816324)
((18.0, 50.0),61.3788526357742)
((38.0, 34.0),204.58137166709182)
((28.0, 0.0),7.233014887895308)
((26.0, 15.0),152.91838436742944)
((24.0, 47.0),113.21551070124383)
((23.0, 39.0),181.27241960251806)
((12.0, 48.0),41.70429099510052)
((31.0, 29.0),287.18929884044417)
((32.0, 26.0),260.6127722887238)
((48.0, 45.0),58.68694658783156)
((49.0, 48.0),31.021912348305918)
((34.0, 18.0),179.93402268093774)
((41.0, 5.0),32.854921929895724)
((30.0, 30.0),291.8219599377559)
((20.0, 3.0),20.250732679753227)
((50.0, 10.0),20.694513412186666)
((1.0, 37.0),2.280052045460188)
((16.0, 52.0),34.01957869132545)
((31.0, 39.0),201.43994482552304)
((14.0, 40.0),109.26154427293542)
((6.0, 28.0),62.29567132667906)
((27.0, 36.0),226.92353122940813)
((34.0, 30.0),256.6894538970314)
((30.0, 34.0),252.17878604658526)
((21.0, 22.0),186.6120503988733)
((9.0, 27.0),91.42137423213086)
((39.0, 54.0),35.50635882379691)
((39.0, 11.0),95.56904967221534)
((5.0, 40.0),30.164713949286188)
((7.0, 10.0),2.2322517549626752)
((47.0, 53.0),6.197795599791611)
((11.0, 9.0),24.283555227081237)
((39.0, 42.0),142.2124157974073)
((39.0, 21.0),176.13723778424102)
((22.0, 2.0),16.964459727626995)
((54.0, 12.0),2.4592935665907945)
((10.0, 49.0),20.594901980503373)
((5.0, 32.0),51.060036818847934)
((29.0, 11.0),117.60014860004159)
((46.0, 44.0),80.28989287316446)
((30.0, 10.0),107.73211522548368)
((11.0, 36.0),100.74017457081698)
((44.0, 41.0),115.05925673906316)
((28.0, 23.0),235.36688527725687)
((22.0, 39.0),175.3243905933437)
((45.0, 13.0),77.25487181310339)
((26.0, 55.0),39.55253254394428)
((49.0, 30.0),107.23261454403459)
((16.0, 17.0),116.0959813428421)
((32.0, 9.0),96.48979385120292)
((25.0, 40.0),182.2897756332992)
((6.0, 19.0),41.52683988580684)
((53.0, 14.0),21.992382656280363)
((28.0, 19.0),196.2818658380094)
((13.0, 33.0),128.40760961287242)
((7.0, 17.0),41.83220343509639)
((50.0, 43.0),54.997026146653454)
((34.0, 47.0),117.2139143594584)
((58.0, 24.0),12.598956954701244)
((28.0, 48.0),111.44665065755393)
((34.0, 31.0),253.83940592976498)
((19.0, 50.0),66.13618763147858)
((12.0, 26.0),119.70374827969543)
((38.0, 56.0),19.795343473942317)
((23.0, 18.0),169.0752105891787)
((27.0, 6.0),66.14051429845784)
((26.0, 12.0),123.73880026066917)
((34.0, 13.0),132.2476417343609)
((11.0, 23.0),102.54236784886473)
((2.0, 21.0),10.67415338878046)
((33.0, 25.0),246.62784029365406)
((35.0, 4.0),42.32169066996363)
((18.0, 51.0),52.62366925956879)
((27.0, 32.0),261.010487009188)
((29.0, 32.0),271.2833905988269)
((18.0, 14.0),107.74975035919411)
((51.0, 48.0),16.35643287921848)
((33.0, 4.0),45.65053653104151)
((56.0, 31.0),36.78929106219034)
((33.0, 43.0),158.44247044768906)
((45.0, 39.0),118.76723474584438)
((24.0, 29.0),242.56744214852108)
((57.0, 40.0),6.866785511636984)
((0.0, 27.0),1.7803389577776585)
((54.0, 14.0),13.572930631109053)
((49.0, 35.0),98.9173053158801)
((24.0, 45.0),132.13561616519763)
((11.0, 11.0),38.60078041322069)
((54.0, 38.0),42.00698642102136)
((32.0, 18.0),185.4950770606664)
((40.0, 27.0),195.00382446529315)
((58.0, 27.0),16.513932146455197)
((47.0, 39.0),101.63221850838092)
((50.0, 15.0),52.438815554712974)
((37.0, 18.0),166.3118135064289)
((28.0, 42.0),171.0721779398387)
((39.0, 43.0),134.01229331763773)
((6.0, 21.0),48.76630683410191)
((18.0, 38.0),153.43913388880452)
((56.0, 27.0),36.447559042178916)
((5.0, 28.0),52.30842342963143)
((33.0, 15.0),154.0595428953191)
((36.0, 21.0),196.63031602370367)
((23.0, 19.0),177.5406290909203)
((4.0, 23.0),35.190821284652074)
((15.0, 42.0),104.9528689223446)
((48.0, 12.0),48.967955455532284)
((55.0, 40.0),25.368210317811588)
((27.0, 30.0),271.5361977082928)
((44.0, 17.0),112.16190607441689)
((59.0, 26.0),5.616603063276706)
((44.0, 42.0),108.53701256094584)
((14.0, 31.0),141.61381019000262)
((40.0, 57.0),3.9018606740251016)
((43.0, 7.0),41.193221975002636)
((26.0, 22.0),218.64902615613767)
((10.0, 11.0),31.341627276465047)
((2.0, 23.0),15.712399848923724)
((16.0, 16.0),109.30209482778099)
((32.0, 16.0),165.83076621302695)
((9.0, 38.0),74.81116683949679)
((20.0, 4.0),29.602792900158548)
((32.0, 6.0),66.65173477570711)
((34.0, 53.0),58.46173108414206)
((28.0, 59.0),1.74284082149736)
((5.0, 21.0),39.29683965157384)
((33.0, 48.0),109.43893530195726)
((41.0, 6.0),41.88860974714473)
((32.0, 12.0),126.27206577448511)
((14.0, 15.0),87.85327609492967)
((18.0, 18.0),137.5803378538461)
((26.0, 42.0),166.89131595219732)
((25.0, 35.0),225.29583870652993)
((15.0, 54.0),11.72348719366699)
((9.0, 14.0),42.72566861057172)
((37.0, 53.0),51.409115916879244)
((11.0, 35.0),103.9146079156103)
((31.0, 36.0),231.08633406604326)
((59.0, 23.0),0.8401877449689366)
((23.0, 51.0),72.06096683280343)
((56.0, 32.0),35.92638461837197)
((11.0, 27.0),111.29519174262768)
((45.0, 47.0),65.72389893310697)
((38.0, 49.0),85.68791389511321)
((6.0, 18.0),37.41024875628202)
((9.0, 26.0),90.1189715909674)
((21.0, 20.0),172.92981060693916)
((43.0, 10.0),66.44927858124862)
((18.0, 15.0),115.56801923708612)
((40.0, 25.0),189.03062226652042)
((33.0, 53.0),60.02394997677399)
((49.0, 24.0),100.4272497347124)
((28.0, 3.0),37.17401442176559)
((11.0, 48.0),34.737031374101726)
((28.0, 31.0),275.152146004122)
((53.0, 18.0),41.72064839431968)
((25.0, 31.0),249.3964077377683)
((55.0, 35.0),40.871393516378554)
((28.0, 52.0),71.58731709256355)
((12.0, 47.0),48.87916006598722)
((11.0, 13.0),52.12998147630568)
((4.0, 25.0),39.16692078216695)
((27.0, 49.0),100.36249895544489)
((20.0, 7.0),57.34872608837701)
((4.0, 30.0),42.494892438704)
((25.0, 45.0),135.28605970848344)
((1.0, 22.0),3.6687465143793574)
((47.0, 24.0),119.65360797561821)
((56.0, 36.0),28.790002939709822)
((13.0, 6.0),13.715127317355709)
((30.0, 18.0),187.7194770002211)
((45.0, 34.0),140.09274564370247)
((32.0, 31.0),271.25388873815854)
((48.0, 50.0),23.401057570708872)
((5.0, 42.0),21.573931392138057)
((29.0, 25.0),257.1086912388769)
((33.0, 38.0),206.38617106935996)
((48.0, 52.0),8.08054358203254)
((37.0, 51.0),70.46256608808164)
((46.0, 41.0),99.23262204694058)
((14.0, 23.0),130.748090725418)
((46.0, 38.0),115.22297511160197)
((24.0, 7.0),70.46010413130534)
((36.0, 11.0),107.29472982410968)
((12.0, 52.0),11.319100986812245)
((43.0, 38.0),140.98472831753114)
((20.0, 53.0),43.07685074093197)
((19.0, 52.0),48.2019126007938)
((44.0, 13.0),83.98342340256019)
((12.0, 50.0),26.821180592815708)
((8.0, 33.0),79.35822107277306)
((43.0, 48.0),70.13954876915889)
((28.0, 8.0),87.03877371439529)
((44.0, 8.0),44.28888143262263)
((8.0, 21.0),67.57188183437125)
((40.0, 30.0),197.09621969794347)
((38.0, 50.0),76.42748985662827)
((41.0, 30.0),187.12210682966597)
((39.0, 1.0),2.9443771949020103)
((9.0, 21.0),76.89674838735563)
((1.0, 26.0),10.807676524639156)
((4.0, 24.0),37.36165898125854)
((18.0, 3.0),12.675808477643109)
((47.0, 25.0),122.29288658753234)
((9.0, 34.0),87.18547414363289)
((10.0, 30.0),102.45945981426703)
((51.0, 18.0),59.57587073338129)
((30.0, 21.0),217.70840280658769)
((19.0, 40.0),147.87402482237792)
((57.0, 31.0),26.811222657914122)
((7.0, 27.0),71.52553404160469)
((22.0, 41.0),159.09577130802492)
((48.0, 34.0),111.24878200623999)
((39.0, 15.0),130.25901609617154)
((10.0, 31.0),101.81508115386069)
((15.0, 17.0),108.50990283533498)
((34.0, 36.0),219.96384785101634)
((51.0, 49.0),9.640446669683449)
((13.0, 7.0),21.766239704637016)
((11.0, 18.0),81.56343875432665)
((2.0, 36.0),14.45770692418666)
((38.0, 7.0),62.892862779115966)
((32.0, 37.0),219.0288868808384)
((12.0, 19.0),95.25196192360258)
((36.0, 17.0),162.6489774313974)
((17.0, 6.0),35.10766075366476)
((6.0, 17.0),32.982434253740465)
((55.0, 14.0),5.054756211647167)
((35.0, 25.0),232.52371554421103)
((43.0, 21.0),143.95222869840356)
((9.0, 17.0),59.26140169175966)
((44.0, 30.0),157.17804417761388)
((10.0, 32.0),100.67047609741681)
((7.0, 45.0),23.250061723208972)
((25.0, 39.0),191.368973680263)
((18.0, 36.0),164.46368238400282)
((24.0, 22.0),207.73126524598962)
((45.0, 40.0),113.18374738035362)
((41.0, 29.0),187.36598326707116)
((31.0, 23.0),236.4851842707424)
((30.0, 48.0),112.23198600269171)
((39.0, 55.0),26.117026334557032)
((52.0, 44.0),32.8185714343115)
((24.0, 40.0),177.92024674689247)
((53.0, 24.0),61.59235391261351)
((39.0, 3.0),21.877657994752333)
((33.0, 50.0),89.70612595415211)
((32.0, 41.0),180.0987517809983)
((29.0, 27.0),276.5552042107145)
((28.0, 55.0),41.66427882208769)
((30.0, 22.0),227.702669414269)
((5.0, 44.0),11.848876867035045)
((26.0, 54.0),49.4448438704692)
((18.0, 46.0),95.25610191094593)
((28.0, 56.0),31.686113147881017)
((15.0, 19.0),120.61646844124138)
((37.0, 29.0),227.35360531371157)
((35.0, 38.0),197.68670419102907)
((49.0, 41.0),74.24740898828009)
((51.0, 21.0),72.03343873025865)
((28.0, 20.0),206.1253580820447)
((37.0, 58.0),3.230033771734533)
((19.0, 49.0),74.97270011316552)
((36.0, 16.0),153.67738944557775)
((14.0, 46.0),69.97578227451079)
((35.0, 35.0),221.87817605972683)
((27.0, 46.0),130.0290004154362)
((10.0, 9.0),17.3919195208698)
((4.0, 32.0),41.119961174072124)
((37.0, 1.0),8.559471747861025)
((45.0, 15.0),91.3726139420898)
((18.0, 27.0),180.52146626992936)
((48.0, 32.0),115.2920461599755)
((53.0, 30.0),67.25939769776645)
((10.0, 40.0),75.11728517143058)
((43.0, 36.0),151.084377764151)
((31.0, 11.0),117.31401990583471)
((16.0, 19.0),128.73797221622192)
((56.0, 29.0),37.378821841830394)
((49.0, 33.0),103.7240309689755)
((23.0, 3.0),29.230088701545043)
((20.0, 9.0),75.52364308619765)
((39.0, 7.0),59.22619476528897)
((26.0, 52.0),69.2016200647538)
((47.0, 37.0),110.68602098221213)
((31.0, 6.0),67.40769119107249)
((2.0, 37.0),11.921194503702992)
((9.0, 35.0),84.72106592457777)
((9.0, 22.0),80.38657162797503)
((26.0, 53.0),59.32825420936112)
((15.0, 23.0),140.00487645177822)
((15.0, 24.0),143.62405363870567)
((49.0, 23.0),97.57893981289598)
((21.0, 4.0),33.04142573516401)
((7.0, 15.0),31.782519024545763)
((37.0, 4.0),37.50700460502806)
((16.0, 35.0),150.9676718980544)
((36.0, 51.0),73.42726818800799)
((56.0, 23.0),30.111317447160886)
((23.0, 31.0),230.31311445039788)
((12.0, 12.0),52.74147171861525)
((29.0, 40.0),191.9971297375077)
((50.0, 28.0),97.01846985676536)
((59.0, 24.0),2.760045906266022)
((46.0, 22.0),122.06013300068679)
((17.0, 24.0),162.31231669960727)
((37.0, 33.0),218.1618253769392)
((27.0, 26.0),257.68924632929827)
((50.0, 24.0),90.75967545769228)
((55.0, 22.0),37.259304326855194)
((19.0, 37.0),167.4205098810395)
((32.0, 10.0),106.4246889505133)
((44.0, 36.0),142.113669648036)
((30.0, 14.0),147.7274559206904)
((42.0, 39.0),143.1924016403873)
((35.0, 47.0),114.62744574799959)
((33.0, 40.0),187.42316823868936)
((13.0, 54.0),1.003534630355496)
((30.0, 7.0),77.7345092189799)
((52.0, 33.0),74.21038926153852)
((20.0, 21.0),172.52608381536018)
((28.0, 27.0),271.76123792582484)
((41.0, 55.0),18.723721590204896)
((20.0, 55.0),24.465068081093087)
((13.0, 26.0),129.53308488005405)
((42.0, 13.0),96.63161545451878)
((21.0, 9.0),79.67781414616408)
((57.0, 27.0),26.481956900563546)
((24.0, 23.0),215.332908079434)
((8.0, 41.0),52.76980172800801)
((11.0, 28.0),112.21155067302114)
((21.0, 12.0),106.8501703263729)
((38.0, 1.0),5.908496766728675)
((51.0, 9.0),6.557009688432061)
((58.0, 31.0),16.831606933642362)
((13.0, 49.0),40.91719258576269)
((31.0, 41.0),181.57669757030405)
((54.0, 44.0),15.939483027575712)
((16.0, 26.0),158.8771405871142)
((34.0, 42.0),165.33089479062704)
((20.0, 51.0),61.46381712025729)
((49.0, 27.0),106.10757164863351)
((34.0, 4.0),44.17607552641506)
((8.0, 44.0),37.15449012557315)
((15.0, 49.0),53.36593376039545)
((13.0, 21.0),113.49535141285995)
((39.0, 4.0),31.286334244676723)
((28.0, 47.0),121.40165592292053)
((4.0, 14.0),0.9533017047667869)
((24.0, 46.0),122.70519352948457)
((59.0, 31.0),6.850601914480059)
((49.0, 36.0),95.82055161548058)
((14.0, 37.0),124.45465722609893)
((28.0, 44.0),151.2304554569857)
((38.0, 47.0),103.99062224406428)
((2.0, 22.0),13.356593380418786)
((58.0, 28.0),17.12308735380283)
((53.0, 16.0),32.42154536754768)
((15.0, 36.0),137.78594051517547)
((51.0, 16.0),49.61276420062365)
((33.0, 58.0),10.40806331900722)
((21.0, 10.0),88.82030727223828)
((28.0, 12.0),126.87440378214686)
((18.0, 25.0),175.239726114727)
((30.0, 31.0),282.059058540887)
((7.0, 28.0),72.28179994529732)
((12.0, 6.0),7.755585920280694)
((53.0, 46.0),13.210633706755388)
((54.0, 23.0),49.52956374480376)
((43.0, 55.0),10.136572972195381)
((9.0, 33.0),89.20382979216463)
((39.0, 49.0),81.63814202854056)
((15.0, 32.0),150.02195850782823)
((1.0, 23.0),5.946928542586392)
((56.0, 26.0),35.41562386708069)
((37.0, 27.0),224.05591149696576)
((16.0, 4.0),12.76189921440288)
((10.0, 17.0),67.82053604692827)
((41.0, 8.0),59.726231434596535)
((19.0, 39.0),154.78527869887694)
((54.0, 31.0),56.74002432108665)
((19.0, 18.0),144.654007397068)
((48.0, 35.0),108.47449429564854)
((51.0, 45.0),35.25732862747205)
((20.0, 32.0),198.73516523281776)
((31.0, 4.0),47.434784590775045)
((35.0, 14.0),138.91591788453331)
((49.0, 29.0),107.37531867813746)
((47.0, 18.0),94.09992989526668)
((13.0, 52.0),17.353768429186864)
((48.0, 11.0),42.00370090445876)
((27.0, 14.0),145.3059943565136)
((52.0, 17.0),46.0295378226996)
((7.0, 46.0),17.430494608163194)
((40.0, 34.0),186.8223689717243)
((31.0, 50.0),91.8677057038671)
((58.0, 32.0),16.029339767357556)
((24.0, 24.0),222.3887025268536)
((13.0, 31.0),131.67307299065578)
((25.0, 14.0),140.54538623862854)
((33.0, 17.0),173.47485980137185)
((21.0, 19.0),165.4941042511195)
((35.0, 51.0),75.9844379632758)
((18.0, 29.0),182.58997442872726)
((17.0, 56.0),3.4906351388239543)
((26.0, 4.0),44.994050649575854)
((33.0, 46.0),129.10961028632317)
((24.0, 1.0),11.974685924425579)
((31.0, 25.0),255.9077569239118)
((17.0, 36.0),155.7160347551224)
((31.0, 55.0),41.94179506384547)
((44.0, 40.0),121.25973739325516)
((20.0, 37.0),175.38237698333768)
((16.0, 41.0),119.05631520673658)
((41.0, 50.0),63.692235442492624)
((23.0, 20.0),185.7577373971121)
((33.0, 19.0),192.67523498911444)
((36.0, 3.0),30.37925742976359)
((18.0, 55.0),16.777407018229198)
((35.0, 21.0),202.36260552820988)
((22.0, 55.0),30.88299897666161)
((24.0, 34.0),225.34423058288314)
((33.0, 22.0),220.73086156529297)
((8.0, 22.0),70.91960547616665)
((12.0, 21.0),104.47058231945459)
((43.0, 42.0),115.86460200991233)
((40.0, 49.0),77.21281055036567)
((41.0, 25.0),179.72351202053204)
((3.0, 39.0),15.304332620512042)
((45.0, 37.0),128.72442929796267)
((34.0, 34.0),236.00162839215386)
((42.0, 5.0),28.48807852471463)
((25.0, 3.0),33.50270846252112)
((17.0, 39.0),139.42959877261316)
((38.0, 30.0),217.02574816116106)
((11.0, 40.0),83.84157153886622)
((58.0, 26.0),15.554304610027607)
((34.0, 29.0),257.32909231621943)
((37.0, 20.0),182.60099961967668)
((40.0, 32.0),193.70238910110345)
((55.0, 28.0),47.091606683593845)
((46.0, 17.0),96.5605469388127)
((4.0, 15.0),5.918506528445597)
((17.0, 3.0),8.447328484445862)
((36.0, 29.0),237.34804157253689)
((46.0, 5.0),8.233575324919862)
((34.0, 46.0),126.9226876144312)
((22.0, 29.0),222.57883255126785)
((53.0, 38.0),51.38752185490844)
((49.0, 22.0),94.28347522357001)
((31.0, 59.0),1.9831795022486887)
((9.0, 44.0),45.36301755780478)
((37.0, 22.0),197.567000567891)
((34.0, 20.0),198.383894032782)
((18.0, 2.0),3.5203312319774227)
((20.0, 10.0),84.48983352409468)
((21.0, 13.0),115.71257844299083)
((44.0, 34.0),149.60685112130204)
((13.0, 30.0),132.43223067895946)
((17.0, 8.0),52.45617464021677)
((15.0, 48.0),61.30905842763536)
((50.0, 9.0),13.719442160534534)
((55.0, 17.0),19.36199837350994)
((24.0, 15.0),146.60984345516698)
((52.0, 13.0),24.534925092430306)
((5.0, 25.0),49.029631270191985)
((45.0, 25.0),141.64799772294384)
((43.0, 27.0),165.53480310774376)
((25.0, 43.0),154.32677650303063)
((21.0, 25.0),202.93394909502808)
((27.0, 23.0),231.99111269367916)
((25.0, 51.0),77.15327156667705)
((27.0, 7.0),76.06863530588339)
((31.0, 26.0),265.3716454237211)
((48.0, 38.0),97.39938188927826)
((34.0, 22.0),216.1201628858271)
((20.0, 50.0),70.55607765369245)
((25.0, 53.0),57.57339573430791)
((44.0, 10.0),60.629637922029644)
((40.0, 52.0),50.20183566245688)
((37.0, 25.0),215.99100943233876)
((34.0, 21.0),207.367230241558)
((38.0, 39.0),172.01679860688)
((45.0, 41.0),107.24287488129735)
((23.0, 54.0),43.24877027609922)
((57.0, 38.0),13.6137444744924)
((16.0, 38.0),136.97967628843045)
((6.0, 42.0),30.420129745284434)
((11.0, 49.0),27.567550454421905)
((48.0, 15.0),68.52196969968278)
((34.0, 25.0),239.99318207204183)
((6.0, 20.0),45.31711572899724)
((8.0, 31.0),81.8881009073279)
((7.0, 30.0),72.47951143135947)
((40.0, 45.0),111.81354029009245)
((26.0, 56.0),29.65229731796711)
((22.0, 35.0),203.43903782478904)
((36.0, 10.0),97.81116719169866)
((22.0, 43.0),142.00001346316606)
((59.0, 28.0),7.132148445132884)
((54.0, 32.0),55.80660777063365)
((6.0, 12.0),6.702548236163821)
((5.0, 22.0),42.27701915266298)
((26.0, 57.0),19.744977945742228)
((28.0, 34.0),249.18261152184797)
((32.0, 43.0),160.4066498473729)
((38.0, 4.0),34.566762824351294)
((38.0, 33.0),209.17204399660852)
((5.0, 39.0),33.99984105852326)
((10.0, 48.0),27.58081609749862)
((27.0, 22.0),222.7328549028489)
((40.0, 7.0),55.205686231640634)
((40.0, 37.0),171.25930212744896)
((22.0, 6.0),55.1957818541668)
((30.0, 20.0),207.71289403463135)
((19.0, 34.0),182.47413018120395)
((25.0, 34.0),232.72656784895582)
((19.0, 26.0),187.87349221871128)
((33.0, 32.0),257.1798327890088)
((32.0, 4.0),46.738437972068816)
((6.0, 37.0),50.20344029460489)
((32.0, 23.0),233.77037986488997)
((43.0, 23.0),153.5046041318887)
((46.0, 19.0),107.91250653883182)
((50.0, 19.0),73.04950273534973)
((59.0, 25.0),4.353949204754741)
((45.0, 54.0),9.018435602248829)
((14.0, 35.0),132.35104149668234)
((0.0, 26.0),0.8679736454848808)
((41.0, 10.0),77.19632421573391)
((27.0, 16.0),164.9436063550255)
((51.0, 41.0),56.95948098980754)
((20.0, 6.0),48.157502216655566)
((48.0, 41.0),82.71677105127175)
((23.0, 28.0),231.5071471315116)
((3.0, 19.0),13.727957702714093)
((55.0, 20.0),31.071237907789424)
((28.0, 5.0),57.12659104477989)
((48.0, 13.0),55.72129763453532)
((42.0, 38.0),149.2232582188819)
((40.0, 20.0),162.01732866530875)
((20.0, 38.0),168.9101491056511)
((44.0, 54.0),14.136326104131918)
((43.0, 51.0),45.04741977460821)
((36.0, 46.0),120.94632761417427)
((16.0, 23.0),149.16674661955284)
((35.0, 48.0),105.01799849450083)
((48.0, 17.0),80.24542645470635)
((8.0, 32.0),80.84754720288522)
((38.0, 45.0),121.92787392208231)
((22.0, 44.0),133.20973413649295)
((31.0, 28.0),282.41827588034107)
((53.0, 32.0),65.73907273647674)
((6.0, 26.0),60.4308997644419)
((15.0, 37.0),133.36147463528778)
((50.0, 36.0),86.36133798226953)
((47.0, 14.0),69.83733859634074)
((14.0, 50.0),39.36399154195545)
((27.0, 54.0),50.740863699616874)
((42.0, 8.0),54.88020351929858)
((5.0, 18.0),28.33633534806637)
((39.0, 46.0),108.38343001397587)
((19.0, 53.0),39.12210929425633)
((25.0, 21.0),205.0750130995758)
((46.0, 45.0),73.44420507330824)
((32.0, 27.0),268.2769681783161)
((47.0, 48.0),44.961277244957216)
((14.0, 47.0),62.5844617945091)
((19.0, 33.0),186.16971828425903)
((59.0, 32.0),6.075576654334007)
((23.0, 25.0),220.46208595565602)
((34.0, 17.0),170.5363299284238)
((17.0, 52.0),39.0444189413466)
((27.0, 58.0),10.949649379331206)
((24.0, 56.0),26.168995887583968)
((23.0, 32.0),227.12161459813345)
((46.0, 7.0),24.613652026759816)
((41.0, 15.0),118.57105206478596)
((41.0, 23.0),171.32817138815582)
((27.0, 31.0),267.36282668365646)
((7.0, 33.0),69.49931921564342)
((46.0, 40.0),104.92938968423007)
((48.0, 28.0),116.9780339766562)
((48.0, 23.0),107.06981873964932)
((38.0, 28.0),216.48513673689115)
((43.0, 4.0),15.015864953606055)
((8.0, 36.0),72.29891143933848)
((37.0, 8.0),75.6730939094836)
((44.0, 16.0),105.50539213536915)
((4.0, 22.0),32.66331323457038)
((55.0, 26.0),45.33814316327881)
((44.0, 23.0),144.39430673438048)
((21.0, 6.0),51.85311918971607)
((19.0, 44.0),117.34650157070331)
((33.0, 29.0),267.31092542701316)
((8.0, 47.0),19.192676048707078)
((20.0, 56.0),15.088617726956528)
((32.0, 58.0),11.36310176186985)
((25.0, 47.0),116.04164545007315)
((19.0, 12.0),97.0162687043311)
((25.0, 36.0),217.32165485606015)
((6.0, 41.0),35.012624064146)
((45.0, 48.0),58.04899551296604)
((46.0, 46.0),66.37096658153794)
((2.0, 20.0),7.674071495326835)
((29.0, 7.0),77.62707533063224)
((25.0, 7.0),72.75388988691003)
((33.0, 18.0),183.10856257423237)
((38.0, 46.0),113.01155349303141)
((41.0, 3.0),14.594150980182583)
((42.0, 10.0),71.97870996527587)
((40.0, 53.0),41.05189719253424)
((19.0, 56.0),11.517305575157799)
((18.0, 49.0),70.03249158144118)
((37.0, 2.0),18.233113107545122)
((10.0, 50.0),13.430277523140681)
((13.0, 20.0),108.87442111681402)
((6.0, 38.0),46.912429618065445)
((50.0, 46.0),36.95732604666109)
((54.0, 30.0),57.26471470730534)
((24.0, 4.0),41.30409227845863)
((40.0, 36.0),177.03996483600122)
((11.0, 15.0),64.73517014798865)
((14.0, 48.0),55.00788824416702)
((30.0, 52.0),72.23517557530539)
((36.0, 30.0),236.91065909381985)
((13.0, 37.0),115.4358198254954)
((3.0, 31.0),32.023048201501396)
((48.0, 33.0),113.52741420533616)
((54.0, 36.0),48.106369724830564)
((25.0, 50.0),86.91394383429139)
((5.0, 23.0),44.89976107808818)
((4.0, 31.0),42.00023747814363)
((50.0, 22.0),84.89184271113527)
((53.0, 27.0),66.32673059062256)
((3.0, 38.0),18.581048997278096)
((50.0, 26.0),94.83785072063228)
((15.0, 18.0),114.73409824440843)
((57.0, 28.0),27.113362470558435)
((55.0, 39.0),29.135416004856545)
((27.0, 38.0),208.07522439331933)
((31.0, 37.0),221.2339515169344)
((10.0, 22.0),89.80416586565283)
((3.0, 16.0),1.69362883518545)
((39.0, 45.0),117.07402357229515)
((12.0, 41.0),87.08759077478322)
((9.0, 39.0),70.72940087885542)
((25.0, 27.0),247.6479667527268)
((35.0, 17.0),166.90953214252588)
((35.0, 54.0),46.725518146481306)
((25.0, 20.0),196.29003858420327)
((16.0, 11.0),71.76611594424813)
((34.0, 39.0),193.36615558672656)
((38.0, 42.0),147.86620703350994)
((46.0, 20.0),113.04384956526846)
((21.0, 53.0),46.6983312504302)
((29.0, 1.0),17.65316474426278)
((39.0, 30.0),207.06476860557942)
((30.0, 59.0),2.2386953725022707)
((12.0, 53.0),3.3661204510820397)
((37.0, 52.0),60.95517029634813)
((23.0, 45.0),128.45927424043455)
((32.0, 50.0),91.0232484339669)
((45.0, 5.0),13.686507824797403)
((53.0, 36.0),57.7229474195207)
((46.0, 10.0),48.201207759891176)
((16.0, 25.0),156.2618199374659)
((29.0, 33.0),261.5339019826654)
((3.0, 17.0),5.990326487886186)
((58.0, 36.0),9.381136128981709)
((14.0, 44.0),84.12701267211784)
((54.0, 34.0),52.734137231108136)
((7.0, 37.0),59.68655466917703)
((7.0, 25.0),68.71967763639155)
((8.0, 12.0),22.641285077611748)
((44.0, 29.0),157.37071119944557)
((26.0, 41.0),176.45679003782476)
((43.0, 44.0),101.46577404556342)
((47.0, 52.0),14.229570687864594)
((36.0, 5.0),49.78941088258278)
((56.0, 22.0),27.630941682195633)
((25.0, 16.0),159.51595132490147)
((15.0, 6.0),24.930027340029888)
((29.0, 35.0),241.77942993203786)
((46.0, 49.0),43.977508059186725)
((30.0, 49.0),102.23290435041271)
((26.0, 24.0),235.7506807218623)
((17.0, 27.0),170.6829893008341)
((26.0, 30.0),261.81679328838436)
((27.0, 3.0),36.32355446674637)
((18.0, 37.0),159.1984004562302)
((42.0, 42.0),122.93048250235572)
((28.0, 10.0),106.96508610246738)
((34.0, 7.0),73.70180854322889)
((36.0, 24.0),218.45073459007546)
((54.0, 40.0),34.53740538840062)
((40.0, 56.0),13.261249442764012)
((21.0, 31.0),210.82713145039855)
((32.0, 38.0),209.38367585839893)
((37.0, 3.0),27.883158201765994)
((52.0, 47.0),15.130017562500875)
((37.0, 9.0),85.11035893435206)
((31.0, 43.0),161.67403482818372)
((38.0, 23.0),196.56041773113387)
((3.0, 41.0),7.832895234574124)
((46.0, 26.0),134.2212787102884)
((25.0, 4.0),43.337179478617)
((32.0, 45.0),140.6378417277387)
((14.0, 17.0),100.71069635825052)
((34.0, 11.0),112.83467302589393)
((9.0, 24.0),86.13075956633256)
((34.0, 41.0),174.7771152835333)
((26.0, 47.0),118.36050271255424)
((37.0, 48.0),98.69813104859325)
((9.0, 9.0),10.318974756752297)
((33.0, 52.0),69.92716904516904)
((11.0, 42.0),73.2083328754198)
((23.0, 53.0),52.8842438783888)
((54.0, 17.0),28.328401943098918)
((21.0, 27.0),209.82343807481956)
((1.0, 33.0),10.142829577505026)
((31.0, 12.0),127.28878332851278)
((31.0, 27.0),274.42423057188415)
((31.0, 33.0),260.19921823735064)
((13.0, 42.0),89.43190695315391)
((33.0, 34.0),242.17646843769796)
((13.0, 27.0),131.1392106151031)
((22.0, 18.0),163.6582612838296)
((6.0, 40.0),39.30225861317869)
((52.0, 10.0),5.863949216873401)
((15.0, 33.0),147.85398470217092)
((45.0, 36.0),133.0259778344879)
((35.0, 1.0),12.888314456469807)
((25.0, 13.0),130.97107700571328)
((46.0, 36.0),123.83940609702645)
((2.0, 30.0),22.5032993206662)
((29.0, 43.0),162.05214351619782)
((46.0, 16.0),90.39891693825777)
((34.0, 8.0),83.51473838206655)
((51.0, 25.0),83.23113410392779)
((15.0, 34.0),145.06967045737332)
((51.0, 19.0),64.07891367071184)
((46.0, 29.0),137.37289415355502)
((35.0, 10.0),100.68092578414927)
((15.0, 52.0),28.71905014649375)
((15.0, 4.0),7.8467939987695345)
((12.0, 32.0),120.45412666544149)
((23.0, 47.0),109.90472210894417)
((43.0, 46.0),86.16400453224301)
((49.0, 45.0),51.03369602851178)
((23.0, 36.0),204.44244025980157)
((18.0, 6.0),39.76898309864179)
((26.0, 8.0),84.4819674161123)
((22.0, 10.0),92.75836956173286)
((4.0, 43.0),8.068771873425504)
((15.0, 26.0),149.12445299933557)
((44.0, 5.0),18.88937224743639)
((22.0, 3.0),26.569727172623132)
((40.0, 51.0),59.2841387335962)
((47.0, 12.0),56.14582918872145)
((22.0, 20.0),179.58794163993468)
((49.0, 43.0),63.20002865104865)
((12.0, 24.0),115.07638251961399)
((22.0, 30.0),222.2244626485662)
((11.0, 20.0),91.13515046520132)
((39.0, 25.0),198.20622794867927)
((28.0, 15.0),156.69102195142804)
((25.0, 6.0),62.964564842403874)
((50.0, 44.0),49.23825204357172)
((22.0, 47.0),106.13410843998804)
((36.0, 45.0),130.2789920084406)
((38.0, 36.0),193.16035981297503)
((24.0, 12.0),118.44133454635266)
((31.0, 56.0),31.953298516751047)
((3.0, 26.0),30.67368957096562)
((9.0, 47.0),26.86087070724234)
((37.0, 50.0),79.92629297053992)
((48.0, 27.0),116.03793052406058)
((8.0, 37.0),69.1260457026608)
((11.0, 34.0),106.62346588143329)
((57.0, 22.0),17.976712495143516)
((53.0, 37.0),54.738573664214414)
((2.0, 26.0),20.743073992430432)
((28.0, 29.0),282.466552938992)
((6.0, 46.0),9.322696773091899)
((22.0, 22.0),194.1271617417051)
((54.0, 37.0),45.23462163319088)
((24.0, 55.0),35.93860226827104)
((16.0, 7.0),38.71334196623092)
((38.0, 14.0),126.78113899075345)
((32.0, 34.0),247.16696075165544)
((23.0, 57.0),14.192048591586186)
((21.0, 35.0),195.2536938594821)
((26.0, 6.0),64.75963720808795)
((3.0, 42.0),3.6613185083813704)
((42.0, 25.0),170.31320681428463)
((42.0, 35.0),164.46906353680347)
((51.0, 11.0),19.9664615704857)
((26.0, 7.0),74.62691969170311)
((17.0, 15.0),109.04732323946753)
((51.0, 13.0),32.55135684076922)
((42.0, 19.0),140.34824748936634)
((14.0, 29.0),142.5954541947113)
((39.0, 16.0),138.5472246822019)
((18.0, 21.0),156.66424809137908)
((45.0, 12.0),69.868743779083)
((48.0, 20.0),95.41001071016981)
((14.0, 33.0),138.14766234345632)
((28.0, 40.0),190.8561077347096)
((19.0, 38.0),161.31936601895998)
((13.0, 41.0),95.34437518551904)
((22.0, 13.0),120.23881255885567)
((57.0, 19.0),8.843438041475729)
((42.0, 44.0),108.00102055165016)
((38.0, 18.0),160.62725526825815)
((54.0, 29.0),57.37802720086087)
((22.0, 19.0),171.7655788903458)
((26.0, 9.0),94.32302168203333)
((57.0, 25.0),24.133862501056704)
((44.0, 33.0),152.47677407109563)
((49.0, 52.0),1.7229479133853687)
((24.0, 5.0),51.04504481121111)
((46.0, 52.0),20.15628021496937)
((45.0, 16.0),98.05846575175292)
((51.0, 43.0),46.66487025463084)
((41.0, 41.0),137.06938219122384)
((1.0, 34.0),8.671703594527322)
((29.0, 34.0),251.6819108629196)
((26.0, 10.0),104.14797307357532)
((18.0, 35.0),169.17532208438342)
((18.0, 7.0),48.65326897153679)
((37.0, 31.0),225.25046660162158)
((12.0, 46.0),55.85520851760034)
((15.0, 20.0),126.12231760323063)
((57.0, 30.0),27.27832681562667)
((23.0, 38.0),189.35985671619505)
((53.0, 44.0),24.43123083970214)
((46.0, 39.0),110.26980744281286)
((47.0, 29.0),127.37379595753649)
((13.0, 14.0),73.7280294504972)
((46.0, 21.0),117.77047652327678)
((9.0, 46.0),33.2604511707607)
((21.0, 57.0),8.826986902914769)
((35.0, 12.0),119.89423266140778)
((49.0, 42.0),68.87399672541271)
((27.0, 19.0),194.14528547142905)
((45.0, 55.0),0.45823686747407777)
((37.0, 55.0),32.217585096431556)
((17.0, 18.0),130.21214446977854)
((36.0, 25.0),224.46669787386512)
((42.0, 49.0),67.3229849875452)
((14.0, 21.0),122.41561242403083)
((47.0, 32.0),125.17209191422214)
((11.0, 12.0),45.471909130334076)
((28.0, 54.0),51.64068812437815)
((34.0, 32.0),249.14926267892795)
((30.0, 42.0),172.22345742110775)
((20.0, 25.0),193.84168674961356)
((18.0, 26.0),178.26207254471603)
((14.0, 22.0),126.82029058832647)
((48.0, 10.0),34.84515221136096)
((12.0, 30.0),122.4423289488454)
((5.0, 14.0),9.515648394961467)
((31.0, 15.0),157.1918927802614)
((5.0, 34.0),48.04544189280353)
((36.0, 2.0),20.642974344753533)
((32.0, 42.0),170.2644753136046)
((21.0, 38.0),176.15824705043116)
((30.0, 16.0),167.72406960166722)
((42.0, 34.0),168.41870308660367)
((17.0, 30.0),172.3760195742699)
((10.0, 8.0),10.151194394527678)
((24.0, 35.0),218.58451653130487)
((46.0, 37.0),119.75696439133074)
((41.0, 16.0),126.30066151519674)
((55.0, 31.0),46.76562924155629)
((50.0, 25.0),93.03017017992715)
((8.0, 30.0),82.47344188666908)
((45.0, 29.0),147.3718741847644)
((17.0, 11.0),77.64232282807544)
((16.0, 53.0),25.408336687510378)
((45.0, 45.0),80.51128172786242)
((54.0, 46.0),5.041746369083171)
((35.0, 18.0),176.03198123830083)
((53.0, 13.0),16.392457328877796)
((39.0, 38.0),172.41891376943175)
((9.0, 12.0),30.407552944230183)
((34.0, 26.0),246.5601717908939)
((47.0, 19.0),99.37638247127097)
((18.0, 10.0),74.74421134578233)
((22.0, 48.0),96.92616871803014)
((41.0, 46.0),97.95700599761514)
((33.0, 37.0),215.68777119613378)
((25.0, 22.0),213.59542732456023)
((31.0, 40.0),191.51460228595005)
((39.0, 29.0),207.36113022518657)
((50.0, 18.0),68.37199830872699)
((19.0, 15.0),121.76592274693579)
((23.0, 40.0),172.91248925161767)
((9.0, 20.0),73.01968402754557)
((9.0, 50.0),6.45277198661077)
((37.0, 43.0),144.28404950862907)
((13.0, 8.0),29.687176757599687)
((35.0, 34.0),228.95056415019616)
((49.0, 28.0),106.99929841275332)
((27.0, 39.0),198.4856590844513)
((19.0, 55.0),20.773805058627737)
((41.0, 2.0),5.379054353660813)
((39.0, 5.0),40.650754377724745)
((49.0, 31.0),106.5723340969333)
((18.0, 20.0),150.70116968298083)
((32.0, 51.0),81.07928436013381)
((34.0, 16.0),161.05452570442506)
((42.0, 27.0),175.38596223075902)
((17.0, 19.0),136.65094757932937)
((17.0, 50.0),56.30383424579669)
((24.0, 43.0),150.7738049876009)
((32.0, 53.0),61.177317202426416)
((15.0, 25.0),146.67539779418942)
((44.0, 6.0),27.459760628599952)
((52.0, 16.0),41.06757905319789)
((57.0, 21.0),15.250745999454303)
((49.0, 15.0),60.554162120462)
((30.0, 57.0),22.23787073988973)
((15.0, 30.0),152.4079309465841)
((10.0, 44.0),53.43920913213662)
((47.0, 17.0),88.48205317762172)
((52.0, 27.0),76.2792676787686)
((44.0, 21.0),135.36969387650774)
((54.0, 39.0),38.43663846642681)
((24.0, 19.0),182.74588156671433)
((53.0, 28.0),67.06611693949046)
((31.0, 10.0),107.33664001220649)
((55.0, 29.0),47.378440248925635)
((32.0, 59.0),1.3928064066299939)
((38.0, 51.0),67.10589459372805)
((40.0, 46.0),103.35529333509047)
((6.0, 44.0),20.38723110539358)
((28.0, 46.0),131.35133719505745)
((13.0, 51.0),25.347683097334723)
((44.0, 45.0),87.3428423903245)
((27.0, 35.0),236.0846399775481)
((52.0, 45.0),27.16137954537711)
((42.0, 55.0),14.572994336233158)
((46.0, 51.0),28.23261700133493)
((43.0, 25.0),160.82063697187738)
((43.0, 31.0),166.2058396640876)
((53.0, 48.0),1.071689695940421)
((23.0, 0.0),0.08108805706463329)
((19.0, 45.0),109.1668332557447)
((26.0, 39.0),195.34375008916663)
((19.0, 28.0),191.91508972300204)
((36.0, 1.0),10.888687973357953)
((5.0, 27.0),51.61296317493722)
((43.0, 30.0),167.16220304893568)
((55.0, 30.0),47.26961106300397)
((56.0, 28.0),37.102898121707284)
((24.0, 2.0),21.767042589284635)
((8.0, 28.0),82.26665528157376)
((46.0, 30.0),137.20389256136843)
((6.0, 34.0),57.856798325635275)
((47.0, 36.0),114.56864987179816)
((13.0, 16.0),86.6716175969209)
((8.0, 35.0),75.07159207754444)
((48.0, 29.0),117.37459900597159)
((32.0, 5.0),56.696864298860135)
((36.0, 58.0),5.517093723580615)
((12.0, 28.0),122.18905414246646)
((4.0, 19.0),23.045287154779608)
((39.0, 23.0),188.41156894159255)
((50.0, 11.0),27.481098124855166)
((38.0, 37.0),186.55527444401565)
((44.0, 47.0),72.111736228068)
((50.0, 37.0),82.98277729658018)
((9.0, 45.0),39.433329321560215)
((35.0, 42.0),161.84067652158762)
((5.0, 43.0),16.84620305987508)
((22.0, 25.0),211.82943232344462)
((14.0, 20.0),117.56859461827197)
((39.0, 51.0),63.37393402436167)
((56.0, 30.0),37.27413477473384)
((22.0, 45.0),124.29004061238015)
((4.0, 42.0),12.652049051484582)
((20.0, 27.0),200.10214439475453)
((38.0, 44.0),130.72305223471756)
((13.0, 48.0),48.46689272291979)
((33.0, 16.0),163.78834829170137)
((16.0, 28.0),162.0664814802855)
((14.0, 32.0),140.18391143658855)
((51.0, 44.0),41.09135780302218)
((37.0, 16.0),149.12741426759948)
((27.0, 10.0),105.80873547631342)
((27.0, 18.0),184.45683253975767)
((48.0, 47.0),45.162828791670684)
((2.0, 25.0),19.412342249311436)
((48.0, 7.0),12.350730607085687)
((41.0, 37.0),163.15556988013398)
((6.0, 47.0),3.4392277248261394)
((47.0, 49.0),37.51238668138406)
((38.0, 20.0),176.16641789716905)
((9.0, 43.0),51.032139049862124)
((18.0, 16.0),123.16631381631076)
((32.0, 3.0),36.77685937659664)
((4.0, 44.0),3.2192071634862174)
((53.0, 15.0),27.340446082827157)
((37.0, 49.0),89.34046547922645)
((4.0, 16.0),10.623218202220777)
((18.0, 42.0),126.50626628035707)
((12.0, 38.0),102.0942070616749)
((0.0, 31.0),2.082302645753238)
((41.0, 49.0),72.43382819718857)
((35.0, 5.0),52.10262578969186)
((47.0, 7.0),18.593050163721152)
((46.0, 23.0),125.8805200188304)
((17.0, 55.0),12.488597775325836)
((58.0, 37.0),6.88855177789268)
((40.0, 43.0),128.23228028587747)
((20.0, 12.0),102.12472125899168)
((12.0, 14.0),66.23350562957995)
((9.0, 32.0),90.76322423361842)
((41.0, 44.0),114.22761953646489)
((42.0, 18.0),133.76617360315325)
((5.0, 24.0),47.15394221147889)
((7.0, 34.0),67.65206933731584)
((16.0, 29.0),162.5931130823201)
((6.0, 36.0),53.13298276304433)
((4.0, 34.0),38.21980864688552)
((58.0, 33.0),14.8783892544402)
((5.0, 26.0),50.518291208442605)
((36.0, 40.0),175.3796351001462)
((10.0, 27.0),101.36144912597598)
((35.0, 55.0),36.93544480613124)
((7.0, 18.0),46.41449524005299)
((11.0, 39.0),88.64847018862758)
((56.0, 34.0),33.082656196560905)
((17.0, 43.0),112.37579603088896)
((40.0, 6.0),46.09202648963084)
((14.0, 26.0),139.34135592309303)
((53.0, 29.0),67.37757864120925)
((54.0, 41.0),30.323552791308792)
((36.0, 19.0),180.1029713337312)
((17.0, 16.0),116.37559583979026)
((20.0, 41.0),147.19443684524583)
((3.0, 20.0),17.14548042812062)
((24.0, 36.0),211.2110480430081)
((50.0, 29.0),97.37596731762416)
((52.0, 14.0),30.30386629576494)
((16.0, 3.0),3.9413411133915233)
((35.0, 37.0),206.12234846293637)
((2.0, 18.0),0.7602058653294819)
((52.0, 43.0),38.21589290176064)
((47.0, 31.0),126.47824227357094)
((51.0, 39.0),65.99423127114062)
((47.0, 8.0),26.42209800983995)
((41.0, 47.0),89.58049409185617)
((51.0, 30.0),87.24726458217373)
((51.0, 46.0),29.179618406143604)
((32.0, 14.0),146.07992589456003)
((6.0, 31.0),61.94887315206188)
((51.0, 29.0),87.37655494610209)
((40.0, 22.0),174.50413683703863)
((26.0, 19.0),191.12856287434326)
((8.0, 14.0),34.59869852286342)
((30.0, 38.0),212.21129532396054)
((12.0, 27.0),121.22154652875231)
((54.0, 28.0),57.07938612837616)
((47.0, 20.0),104.2837948674321)
((1.0, 32.0),11.274902018969541)
((27.0, 45.0),139.89021373258868)
((9.0, 29.0),92.59933170413336)
((27.0, 40.0),188.8237505008471)
((6.0, 29.0),62.60087424083924)
((16.0, 40.0),125.39868263559917)
((48.0, 39.0),92.87200213388303)
((28.0, 24.0),244.93243640814563)
((6.0, 25.0),58.88103196451915)
((48.0, 44.0),65.10216538689761)
((24.0, 16.0),155.83503488701552)
((4.0, 21.0),29.789143353680565)
((29.0, 54.0),52.14000209502981)
((15.0, 29.0),152.5943630443915)
((3.0, 23.0),25.46098571281778)
((34.0, 28.0),255.66255170425265)
((34.0, 44.0),146.228214615774)
((41.0, 17.0),133.78791490617206)
((44.0, 32.0),154.7137131478304)
((36.0, 20.0),188.50876929471212)
((9.0, 11.0),23.91108231524683)
((25.0, 46.0),125.68511489968238)